0.0000000000000000000,
 0.0000000000000000000,
0.9008590019911517600,
 0.0000000000000000000,
1.4094764050330029000,
 0.0000000000000000000,
1.3368251388382524000,
 0.0000000000000000000,
0.7910727949709119900,
 0.0000000000000000000,
0.1122147477075269300,
 0.0000000000000000000,
-0.3165476893220813300,
 0.0000000000000000000,
-0.2780160294395523900,
 0.0000000000000000000,
0.1627597894398759000,
 0.0000000000000000000,
0.6980655701641786900,
 0.0000000000000000000,
0.9510565162951536400,
 0.0000000000000000000,
0.6885151564035569800,
 0.0000000000000000000,
-0.0433251239200533320,
 0.0000000000000000000,
-0.9344364487471407100,
 0.0000000000000000000,
-1.5705666138726264000,
 0.0000000000000000000,
-1.6510565162951543000,
 0.0000000000000000000,
-1.1474932355083238000,
 0.0000000000000000000,
-0.3176220088976082800,
 0.0000000000000000000,
0.4328782488972847100,
 0.0000000000000000000,
0.7659753546662255700,
 0.0000000000000000000,
0.5877852522924733600,
 0.0000000000000000000,
0.0909786624981606670,
 0.0000000000000000000,
-0.3590635661710568900,
 0.0000000000000000000,
-0.4317148323658087600,
 0.0000000000000000000,
-0.0188075445220811100,
 0.0000000000000000000,
0.6999999999999991800,
 0.0000000000000000000,
1.3502866673352947000,
 0.0000000000000000000,
1.5643386244907347000,
 0.0000000000000000000,
1.1819629193805223000,
 0.0000000000000000000,
0.3416451296267678500,
 0.0000000000000000000,
-0.5877852522924693600,
 0.0000000000000000000,
-1.1985991467911514000,
 0.0000000000000000000,
-1.2557776021067473000,
 0.0000000000000000000,
-0.8150017832273215300,
 0.0000000000000000000,
-0.1839858873048926800,
 0.0000000000000000000,
0.2510565162951532400,
 0.0000000000000000000,
0.2390874910594116300,
 0.0000000000000000000,
-0.1981873433777797700,
 0.0000000000000000000,
-0.7795742292894063400,
 0.0000000000000000000,
-1.1211389485284813000,
 0.0000000000000000000,
-0.9510565162951543100,
 0.0000000000000000000,
-0.2654417780392529500,
 0.0000000000000000000,
0.6601395637695840500,
 0.0000000000000000000,
1.4106398215644789000,
 0.0000000000000000000,
1.6480268121352970000,
 0.0000000000000000000,
1.2877852522924798000,
 0.0000000000000000000,
0.5404063278423089100,
 0.0000000000000000000,
-0.2042013467133240200,
 0.0000000000000000000,
-0.5865770518235411400,
 0.0000000000000000000,
-0.4682352098662294600,
 0.0000000000000000000,
-0.0000000000000022844,
 0.0000000000000000000,
0.4682352098662256900,
 0.0000000000000000000,
0.5865770518235384800,
 0.0000000000000000000,
0.2042013467133301200,
 0.0000000000000000000,
-0.5404063278422988100,
 0.0000000000000000000,
-1.2877852522924718000,
 0.0000000000000000000,
-1.6480268121352952000,
 0.0000000000000000000,
-1.4106398215644793000,
 0.0000000000000000000,
-0.6601395637695866000,
 0.0000000000000000000,
0.2654417780392488400,
 0.0000000000000000000,
0.9510565162951503100,
 0.0000000000000000000,
1.1211389485284859000,
 0.0000000000000000000,
0.7795742292894116700,
 0.0000000000000000000,
0.1981873433777926500,
 0.0000000000000000000,
-0.2390874910594103000,
 0.0000000000000000000,
-0.2510565162951542400,
 0.0000000000000000000,
0.1839858873048861300,
 0.0000000000000000000,
0.8150017832273143100,
 0.0000000000000000000,
1.2557776021067444000,
 0.0000000000000000000,
1.1985991467911523000,
 0.0000000000000000000,
0.5877852522924729200,
 0.0000000000000000000,
-0.3416451296267688000,
 0.0000000000000000000,
-1.1819629193805241000,
 0.0000000000000000000,
-1.5643386244907340000,
 0.0000000000000000000,
-1.3502866673353049000,
 0.0000000000000000000,
-0.7000000000000092800,
 0.0000000000000000000,
0.0188075445220763360,
 0.0000000000000000000,
0.4317148323658081000,
 0.0000000000000000000,
0.3590635661710626600,
 0.0000000000000000000,
-0.0909786624981532840,
 0.0000000000000000000,
-0.5877852522924719200,
 0.0000000000000000000,
-0.7659753546662236800,
 0.0000000000000000000,
-0.4328782488972846000,
 0.0000000000000000000,
0.3176220088976077200,
 0.0000000000000000000,
1.1474932355083185000,
 0.0000000000000000000,
1.6510565162951507000,
 0.0000000000000000000,
1.5705666138726262000,
 0.0000000000000000000,
0.9344364487471430400,
 0.0000000000000000000,
0.0433251239200615480,
 0.0000000000000000000,
-0.6885151564035489900,
 0.0000000000000000000,
-0.9510565162951579700,
 0.0000000000000000000,
-0.6980655701641850200,
 0.0000000000000000000,
-0.1627597894398866200,
 0.0000000000000000000,
0.2780160294395432900,
 0.0000000000000000000,
0.3165476893220825500,
 0.0000000000000000000,
-0.1122147477075188200,
 0.0000000000000000000,
-0.7910727949709112100,
 0.0000000000000000000,
-1.3368251388382495000,
 0.0000000000000000000,
-1.4094764050330020000,
 0.0000000000000000000,
-0.9008590019911505400,
 0.0000000000000000000,
-0.0000000000000013095,
 0.0000000000000000000,
0.9008590019911469900,
 0.0000000000000000000,
1.4094764050330042000,
 0.0000000000000000000,
1.3368251388382550000,
 0.0000000000000000000,
0.7910727949709188700,
 0.0000000000000000000,
0.1122147477075350300,
 0.0000000000000000000,
-0.3165476893220790000,
 0.0000000000000000000,
-0.2780160294395530600,
 0.0000000000000000000,
0.1627597894398686000,
 0.0000000000000000000,
0.6980655701641667000,
 0.0000000000000000000,
0.9510565162951509800,
 0.0000000000000000000,
0.6885151564035568700,
 0.0000000000000000000,
-0.0433251239200414530,
 0.0000000000000000000,
-0.9344364487471394900,
 0.0000000000000000000,
-1.5705666138726249000,
 0.0000000000000000000,
-1.6510565162951569000,
 0.0000000000000000000,
-1.1474932355083234000,
 0.0000000000000000000,
-0.3176220088976129400,
 0.0000000000000000000,
0.4328782488972802700,
 0.0000000000000000000,
0.7659753546662279000,
 0.0000000000000000000,
0.5877852522924864600,
 0.0000000000000000000,
0.0909786624981669120,
 0.0000000000000000000,
-0.3590635661710491200,
 0.0000000000000000000,
-0.4317148323658107600,
 0.0000000000000000000,
-0.0188075445220862170,
 0.0000000000000000000,
0.6999999999999891900,
 0.0000000000000000000,
1.3502866673352849000,
 0.0000000000000000000,
1.5643386244907327000,
 0.0000000000000000000,
1.1819629193805272000,
 0.0000000000000000000,
0.3416451296267809500,
 0.0000000000000000000,
-0.5877852522924713600,
 0.0000000000000000000,
-1.1985991467911528000,
 0.0000000000000000000,
-1.2557776021067562000,
 0.0000000000000000000,
-0.8150017832273203100,
 0.0000000000000000000,
-0.1839858873048986200,
 0.0000000000000000000,
0.2510565162951502400,
 0.0000000000000000000,
0.2390874910594137400,
 0.0000000000000000000,
-0.1981873433777801000,
 0.0000000000000000000,
-0.7795742292893990100,
 0.0000000000000000000,
-1.1211389485284804000,
 0.0000000000000000000,
-0.9510565162951510900,
 0.0000000000000000000,
-0.2654417780392547300,
 0.0000000000000000000,
0.6601395637695883800,
 0.0000000000000000000,
1.4106398215644784000,
 0.0000000000000000000,
1.6480268121352961000,
 0.0000000000000000000,
1.2877852522924937000,
 0.0000000000000000000,
0.5404063278423199000,
 0.0000000000000000000,
-0.2042013467133118000,
 0.0000000000000000000,
-0.5865770518235409200,
 0.0000000000000000000,
-0.4682352098662359600,
 0.0000000000000000000,
-0.0000000000000198206,
 0.0000000000000000000,
0.4682352098662112000,
 0.0000000000000000000,
0.5865770518235407000,
 0.0000000000000000000,
0.2042013467133371200,
 0.0000000000000000000,
-0.5404063278422821500,
 0.0000000000000000000,
-1.2877852522924638000,
 0.0000000000000000000,
-1.6480268121352937000,
 0.0000000000000000000,
-1.4106398215644815000,
 0.0000000000000000000,
-0.6601395637695950400,
 0.0000000000000000000,
0.2654417780392415200,
 0.0000000000000000000,
0.9510565162951507600,
 0.0000000000000000000,
1.1211389485284864000,
 0.0000000000000000000,
0.7795742292894223300,
 0.0000000000000000000,
0.1981873433777896500,
 0.0000000000000000000,
-0.2390874910594076300,
 0.0000000000000000000,
-0.2510565162951573500,
 0.0000000000000000000,
0.1839858873048901300,
 0.0000000000000000000,
0.8150017832273104300,
 0.0000000000000000000,
1.2557776021067377000,
 0.0000000000000000000,
1.1985991467911474000,
 0.0000000000000000000,
0.5877852522924876800,
 0.0000000000000000000,
-0.3416451296267604100,
 0.0000000000000000000,
-1.1819629193805237000,
 0.0000000000000000000,
-1.5643386244907387000,
 0.0000000000000000000,
-1.3502866673353038000,
 0.0000000000000000000,
-0.6999999999999979600,
 0.0000000000000000000,
0.0188075445220686750,
 0.0000000000000000000,
0.4317148323658059900,
 0.0000000000000000000,
0.3590635661710708200,
 0.0000000000000000000,
-0.0909786624981464840,
 0.0000000000000000000,
-0.5877852522924473800,
 0.0000000000000000000,
-0.7659753546662212400,
 0.0000000000000000000,
-0.4328782488972905400,
 0.0000000000000000000,
0.3176220088975753000,
 0.0000000000000000000,
1.1474932355083025000,
 0.0000000000000000000,
1.6510565162951496000,
 0.0000000000000000000,
1.5705666138726400000,
 0.0000000000000000000,
0.9344364487471594800,
 0.0000000000000000000,
0.0433251239200649340,
 0.0000000000000000000,
-0.6885151564035554300,
 0.0000000000000000000,
-0.9510565162951605300,
 0.0000000000000000000,
-0.6980655701641891300,
 0.0000000000000000000,
-0.1627597894398790900,
 0.0000000000000000000,
0.2780160294395422900,
 0.0000000000000000000,
0.3165476893220825500,
 0.0000000000000000000,
-0.1122147477075279300,
 0.0000000000000000000,
-0.7910727949708936700,
 0.0000000000000000000,
-1.3368251388382451000,
 0.0000000000000000000,
-1.4094764050330020000,
 0.0000000000000000000,
-0.9008590019911614200,
 0.0000000000000000000,
-0.0000000000000026190,
 0.0000000000000000000,
0.9008590019911590900,
 0.0000000000000000000,
1.4094764050330024000,
 0.0000000000000000000,
1.3368251388382566000,
 0.0000000000000000000,
0.7910727949709073200,
 0.0000000000000000000,
0.1122147477075374800,
 0.0000000000000000000,
-0.3165476893220823300,
 0.0000000000000000000,
-0.2780160294395525000,
 0.0000000000000000000,
0.1627597894398583900,
 0.0000000000000000000,
0.6980655701641524900,
 0.0000000000000000000,
0.9510565162951466500,
 0.0000000000000000000,
0.6885151564035589800,
 0.0000000000000000000,
-0.0433251239200288520,
 0.0000000000000000000,
-0.9344364487471201700,
 0.0000000000000000000,
-1.5705666138726218000,
 0.0000000000000000000,
-1.6510565162951620000,
 0.0000000000000000000,
-1.1474932355083389000,
 0.0000000000000000000,
-0.3176220088976162100,
 0.0000000000000000000,
0.4328782488972702800,
 0.0000000000000000000,
0.7659753546662302300,
 0.0000000000000000000,
0.5877852522924814600,
 0.0000000000000000000,
0.0909786624981878120,
 0.0000000000000000000,
-0.3590635661710439000,
 0.0000000000000000000,
-0.4317148323658105400,
 0.0000000000000000000,
-0.0188075445220990960,
 0.0000000000000000000,
0.6999999999999861900,
 0.0000000000000000000,
1.3502866673352931000,
 0.0000000000000000000,
1.5643386244907322000,
 0.0000000000000000000,
1.1819629193805259000,
 0.0000000000000000000,
0.3416451296267658500,
 0.0000000000000000000,
-0.5877852522924615900,
 0.0000000000000000000,
-1.1985991467911563000,
 0.0000000000000000000,
-1.2557776021067451000,
 0.0000000000000000000,
-0.8150017832273365200,
 0.0000000000000000000,
-0.1839858873049008400,
 0.0000000000000000000,
0.2510565162951536900,
 0.0000000000000000000,
0.2390874910594207300,
 0.0000000000000000000,
-0.1981873433777749400,
 0.0000000000000000000,
-0.7795742292894061200,
 0.0000000000000000000,
-1.1211389485284691000,
 0.0000000000000000000,
-0.9510565162951666300,
 0.0000000000000000000,
-0.2654417780392752700,
 0.0000000000000000000,
0.6601395637695710600,
 0.0000000000000000000,
1.4106398215644609000,
 0.0000000000000000000,
1.6480268121353017000,
 0.0000000000000000000,
1.2877852522924846000,
 0.0000000000000000000,
0.5404063278423372200,
 0.0000000000000000000,
-0.2042013467133094700,
 0.0000000000000000000,
-0.5865770518235394700,
 0.0000000000000000000,
-0.4682352098662475600,
 0.0000000000000000000,
-0.0000000000000219025,
 0.0000000000000000000,
0.4682352098662154700,
 0.0000000000000000000,
0.5865770518235362600,
 0.0000000000000000000,
0.2042013467133366700,
 0.0000000000000000000,
-0.5404063278422945900,
 0.0000000000000000000,
-1.2877852522924498000,
 0.0000000000000000000,
-1.6480268121352935000,
 0.0000000000000000000,
-1.4106398215644835000,
 0.0000000000000000000,
-0.6601395637696123600,
 0.0000000000000000000,
0.2654417780392381300,
 0.0000000000000000000,
0.9510565162951539800,
 0.0000000000000000000,
1.1211389485284977000,
 0.0000000000000000000,
0.7795742292894283200,
 0.0000000000000000000,
0.1981873433777948100,
 0.0000000000000000000,
-0.2390874910593990800,
 0.0000000000000000000,
-0.2510565162951582400,
 0.0000000000000000000,
0.1839858873048877400,
 0.0000000000000000000,
0.8150017832272944400,
 0.0000000000000000000,
1.2557776021067368000,
 0.0000000000000000000,
1.1985991467911488000,
 0.0000000000000000000,
0.5877852522924859000,
 0.0000000000000000000,
-0.3416451296267613600,
 0.0000000000000000000,
-1.1819629193805250000,
 0.0000000000000000000,
-1.5643386244907411000,
 0.0000000000000000000,
-1.3502866673353040000,
 0.0000000000000000000,
-0.7000000000000009500,
 0.0000000000000000000,
0.0188075445220678980,
 0.0000000000000000000,
0.4317148323658101000,
 0.0000000000000000000,
0.3590635661710620000,
 0.0000000000000000000,
-0.0909786624981349380,
 0.0000000000000000000,
-0.5877852522924589300,
 0.0000000000000000000,
-0.7659753546662175800,
 0.0000000000000000000,
-0.4328782488972848200,
 0.0000000000000000000,
0.3176220088976083300,
 0.0000000000000000000,
1.1474932355083260000,
 0.0000000000000000000,
1.6510565162951574000,
 0.0000000000000000000,
1.5705666138726277000,
 0.0000000000000000000,
0.9344364487471333900,
 0.0000000000000000000,
0.0433251239200338480,
 0.0000000000000000000,
-0.6885151564035412200,
 0.0000000000000000000,
-0.9510565162951694100,
 0.0000000000000000000,
-0.6980655701642062300,
 0.0000000000000000000,
-0.1627597894399006300,
 0.0000000000000000000,
0.2780160294395288600,
 0.0000000000000000000,
0.3165476893220903200,
 0.0000000000000000000,
-0.1122147477075026200,
 0.0000000000000000000,
-0.7910727949708642500,
 0.0000000000000000000,
-1.3368251388382286000,
 0.0000000000000000000,
-1.4094764050330046000,
 0.0000000000000000000,
-0.9008590019911850700,
 0.0000000000000000000,
-0.0000000000000348371,
 0.0000000000000000000,
0.9008590019911259000,
 0.0000000000000000000,
1.4094764050329958000,
 0.0000000000000000000,
1.3368251388382730000,
 0.0000000000000000000,
0.7910727949709366300,
 0.0000000000000000000,
0.1122147477075627900,
 0.0000000000000000000,
-0.3165476893220746700,
 0.0000000000000000000,
-0.2780160294395657200,
 0.0000000000000000000,
0.1627597894398327100,
 0.0000000000000000000,
0.6980655701641459400,
 0.0000000000000000000,
0.9510565162951415400,
 0.0000000000000000000,
0.6885151564035778500,
 0.0000000000000000000,
-0.0433251239200213580,
 0.0000000000000000000,
-0.9344364487471198400,
 0.0000000000000000000,
-1.5705666138726218000,
 0.0000000000000000000,
-1.6510565162951629000,
 0.0000000000000000000,
-1.1474932355083400000,
 0.0000000000000000000,
-0.3176220088976167100,
 0.0000000000000000000,
0.4328782488972720600,
 0.0000000000000000000,
0.7659753546662347900,
 0.0000000000000000000,
0.5877852522924779100,
 0.0000000000000000000,
0.0909786624981852030,
 0.0000000000000000000,
-0.3590635661710467900,
 0.0000000000000000000,
-0.4317148323658084300,
 0.0000000000000000000,
-0.0188075445220998730,
 0.0000000000000000000,
0.6999999999999833000,
 0.0000000000000000000,
1.3502866673352898000,
 0.0000000000000000000,
1.5643386244907296000,
 0.0000000000000000000,
1.1819629193805246000,
 0.0000000000000000000,
0.3416451296267648500,
 0.0000000000000000000,
-0.5877852522924534900,
 0.0000000000000000000,
-1.1985991467911501000,
 0.0000000000000000000,
-1.2557776021067502000,
 0.0000000000000000000,
-0.8150017832273417400,
 0.0000000000000000000,
-0.1839858873049047800,
 0.0000000000000000000,
0.2510565162951528000,
 0.0000000000000000000,
0.2390874910594232800,
 0.0000000000000000000,
-0.1981873433777697800,
 0.0000000000000000000,
-0.7795742292894001200,
 0.0000000000000000000,
-1.1211389485284735000,
 0.0000000000000000000,
-0.9510565162951633000,
 0.0000000000000000000,
-0.2654417780392490100,
 0.0000000000000000000,
0.6601395637695716100,
 0.0000000000000000000,
1.4106398215644618000,
 0.0000000000000000000,
1.6480268121352981000,
 0.0000000000000000000,
1.2877852522924871000,
 0.0000000000000000000,
0.5404063278423356700,
 0.0000000000000000000,
-0.2042013467133340100,
 0.0000000000000000000,
-0.5865770518235510200,
 0.0000000000000000000,
-0.4682352098662121400,
 0.0000000000000000000,
-0.0000000000000005365,
 0.0000000000000000000,
0.4682352098662094800,
 0.0000000000000000000,
0.5865770518235407000,
 0.0000000000000000000,
0.2042013467133599900,
 0.0000000000000000000,
-0.5404063278422335200,
 0.0000000000000000000,
-1.2877852522924473000,
 0.0000000000000000000,
-1.6480268121352892000,
 0.0000000000000000000,
-1.4106398215645191000,
 0.0000000000000000000,
-0.6601395637696199100,
 0.0000000000000000000,
0.2654417780392051000,
 0.0000000000000000000,
0.9510565162951296600,
 0.0000000000000000000,
1.1211389485284933000,
 0.0000000000000000000,
0.7795742292894529700,
 0.0000000000000000000,
0.1981873433778469400,
 0.0000000000000000000,
-0.2390874910593996400,
 0.0000000000000000000,
-0.2510565162951679000,
 0.0000000000000000000,
0.1839858873048371700,
 0.0000000000000000000,
0.8150017832272950000,
 0.0000000000000000000,
1.2557776021067246000,
 0.0000000000000000000,
1.1985991467911656000,
 0.0000000000000000000,
0.5877852522924941200,
 0.0000000000000000000,
-0.3416451296267246600,
 0.0000000000000000000,
-1.1819629193804821000,
 0.0000000000000000000,
-1.5643386244907380000,
 0.0000000000000000000,
-1.3502866673353282000,
 0.0000000000000000000,
-0.7000000000000606800,
 0.0000000000000000000,
0.0188075445220639010,
 0.0000000000000000000,
0.4317148323658046600,
 0.0000000000000000000,
0.3590635661710591100,
 0.0000000000000000000,
-0.0909786624981375750,
 0.0000000000000000000,
-0.5877852522924393900,
 0.0000000000000000000,
-0.7659753546662224600,
 0.0000000000000000000,
-0.4328782488972910400,
 0.0000000000000000000,
0.3176220088975745300,
 0.0000000000000000000,
1.1474932355083247000,
 0.0000000000000000000,
1.6510565162951478000,
 0.0000000000000000000,
1.5705666138726428000,
 0.0000000000000000000,
0.9344364487471394900,
 0.0000000000000000000,
0.0433251239200678210,
 0.0000000000000000000,
-0.6885151564035438800,
 0.0000000000000000000,
-0.9510565162951568600,
 0.0000000000000000000,
-0.6980655701641973500,
 0.0000000000000000000,
-0.1627597894399148700,
 0.0000000000000000000,
0.2780160294395495100,
 0.0000000000000000000,
0.3165476893220811000,
 0.0000000000000000000,
-0.1122147477075001700,
 0.0000000000000000000,
-0.7910727949709165400,
 0.0000000000000000000,
-1.3368251388382424000,
 0.0000000000000000000,
-1.4094764050330015000,
 0.0000000000000000000,
-0.9008590019911418800,
 0.0000000000000000000,
-0.0000000000000052380,
 0.0000000000000000000,
0.9008590019911372200,
 0.0000000000000000000,
1.4094764050330106000,
 0.0000000000000000000,
1.3368251388382650000,
 0.0000000000000000000,
0.7910727949709408500,
 0.0000000000000000000,
0.1122147477075192700,
 0.0000000000000000000,
-0.3165476893220806600,
 0.0000000000000000000,
-0.2780160294395698200,
 0.0000000000000000000,
0.1627597894398815900,
 0.0000000000000000000,
0.6980655701641738100,
 0.0000000000000000000,
0.9510565162951365400,
 0.0000000000000000000,
0.6885151564035509900,
 0.0000000000000000000,
-0.0433251239200564410,
 0.0000000000000000000,
-0.9344364487471195100,
 0.0000000000000000000,
-1.5705666138726371000,
 0.0000000000000000000,
-1.6510565162951552000,
 0.0000000000000000000,
-1.1474932355083385000,
 0.0000000000000000000,
-0.3176220088976564600,
 0.0000000000000000000,
0.4328782488972506300,
 0.0000000000000000000,
0.7659753546662202400,
 0.0000000000000000000,
0.5877852522925074400,
 0.0000000000000000000,
0.0909786624982107660,
 0.0000000000000000000,
-0.3590635661710416300,
 0.0000000000000000000,
-0.4317148323658136500,
 0.0000000000000000000,
-0.0188075445221215220,
 0.0000000000000000000,
0.6999999999999803000,
 0.0000000000000000000,
1.3502866673352718000,
 0.0000000000000000000,
1.5643386244907311000,
 0.0000000000000000000,
1.1819629193805392000,
 0.0000000000000000000,
0.3416451296268014900,
 0.0000000000000000000,
-0.5877852522924221800,
 0.0000000000000000000,
-1.1985991467911534000,
 0.0000000000000000000,
-1.2557776021067621000,
 0.0000000000000000000,
-0.8150017832273746000,
 0.0000000000000000000,
-0.1839858873049054500,
 0.0000000000000000000,
0.2510565162951430300,
 0.0000000000000000000,
0.2390874910594348300,
 0.0000000000000000000,
-0.1981873433777763300,
 0.0000000000000000000,
-0.7795742292893757000,
 0.0000000000000000000,
-1.1211389485284657000,
 0.0000000000000000000,
-0.9510565162951513100,
 0.0000000000000000000,
-0.2654417780392820400,
 0.0000000000000000000,
0.6601395637695446400,
 0.0000000000000000000,
1.4106398215644720000,
 0.0000000000000000000,
1.6480268121353052000,
 0.0000000000000000000,
1.2877852522925124000,
 0.0000000000000000000,
0.5404063278423153500,
 0.0000000000000000000,
-0.2042013467133105800,
 0.0000000000000000000,
-0.5865770518235402500,
 0.0000000000000000000,
-0.4682352098662389600,
 0.0000000000000000000,
-0.0000000000000260663,
 0.0000000000000000000,
0.4682352098661826700,
 0.0000000000000000000,
0.5865770518235391400,
 0.0000000000000000000,
0.2042013467133354500,
 0.0000000000000000000,
-0.5404063278422601700,
 0.0000000000000000000,
-1.2877852522924680000,
 0.0000000000000000000,
-1.6480268121352897000,
 0.0000000000000000000,
-1.4106398215645028000,
 0.0000000000000000000,
-0.6601395637695838300,
 0.0000000000000000000,
0.2654417780392313600,
 0.0000000000000000000,
0.9510565162951516400,
 0.0000000000000000000,
1.1211389485284864000,
 0.0000000000000000000,
0.7795742292894405300,
 0.0000000000000000000,
0.1981873433778257900,
 0.0000000000000000000,
-0.2390874910594122900,
 0.0000000000000000000,
-0.2510565162951600100,
 0.0000000000000000000,
0.1839858873048582600,
 0.0000000000000000000,
0.8150017832273113200,
 0.0000000000000000000,
1.2557776021067351000,
 0.0000000000000000000,
1.1985991467911474000,
 0.0000000000000000000,
0.5877852522924693600,
 0.0000000000000000000,
-0.3416451296267633600,
 0.0000000000000000000,
-1.1819629193805019000,
 0.0000000000000000000,
-1.5643386244907447000,
 0.0000000000000000000,
-1.3502866673353111000,
 0.0000000000000000000,
-0.7000000000000352600,
 0.0000000000000000000,
0.0188075445220868830,
 0.0000000000000000000,
0.4317148323658086500,
 0.0000000000000000000,
0.3590635661710905300,
 0.0000000000000000000,
-0.0909786624981589460,
 0.0000000000000000000,
-0.5877852522924198500,
 0.0000000000000000000,
-0.7659753546662315700,
 0.0000000000000000000,
-0.4328782488973126300,
 0.0000000000000000000,
0.3176220088975347800,
 0.0000000000000000000,
1.1474932355082956000,
 0.0000000000000000000,
1.6510565162951383000,
 0.0000000000000000000,
1.5705666138726548000,
 0.0000000000000000000,
0.9344364487471721300,
 0.0000000000000000000,
0.0433251239200936330,
 0.0000000000000000000,
-0.6885151564035250100,
 0.0000000000000000000,
-0.9510565162951706300,
 0.0000000000000000000,
-0.6980655701642193300,
 0.0000000000000000000,
-0.1627597894399324700,
 0.0000000000000000000,
0.2780160294395360700,
 0.0000000000000000000,
0.3165476893220918700,
 0.0000000000000000000,
-0.1122147477074748600,
 0.0000000000000000000,
-0.7910727949708872300,
 0.0000000000000000000,
-1.3368251388382200000,
 0.0000000000000000000,
-1.4094764050330082000,
 0.0000000000000000000,
-0.9008590019911608700,
 0.0000000000000000000,
-0.0000000000000424299,
 0.0000000000000000000,
0.9008590019910993600,
 0.0000000000000000000,
1.4094764050330038000,
 0.0000000000000000000,
1.3368251388382757000,
 0.0000000000000000000,
0.7910727949709732700,
 0.0000000000000000000,
0.1122147477075445800,
 0.0000000000000000000,
-0.3165476893220761100,
 0.0000000000000000000,
-0.2780160294395832600,
 0.0000000000000000000,
0.1627597894398479000,
 0.0000000000000000000,
0.6980655701641425000,
 0.0000000000000000000,
0.9510565162951426500,
 0.0000000000000000000,
0.6885151564035605400,
 0.0000000000000000000
