6.4562814020818688000,
 0.0000000000000000000,
6.4631183019921270000,
 0.0433244709160736860,
6.4837446437571860000,
 0.0871082706335753600,
6.5185126378882563000,
 0.1318252649168079300,
6.5680273781938130000,
 0.1779793520611707100,
6.6331756376881543000,
 0.2261219852349190300,
6.7151697969874782000,
 0.2768730283517479300,
6.8156111611131056000,
 0.3309466637708166100,
6.9365792139987912000,
 0.3891847348070735000,
7.0807567974541117000,
 0.4526009632804695000,
7.2516065458704944000,
 0.5224411741722535500,
7.4536224878308248000,
 0.6002674133910490500,
7.6926949367106818000,
 0.6880784361366418800,
7.9766511163071048000,
 0.7884869266184745300,
8.3160771327154990000,
 0.9049878193602974900,
8.7256066927956422000,
 1.0423780048673241000,
9.2260165389801099000,
 1.2074379149288279000,
9.8477848789014857000,
 1.4100882493819120000,
10.6374599554234700000,
 1.6654595753800530000,
11.6698188443292890000,
 1.9978430988576339000,
13.0730538618769500000,
 2.4488741811801948000,
15.0868107304660680000,
 3.0963898567237815000,
18.2169563086386790000,
 4.1047155028714304000,
23.7475007485183620000,
 5.8909978182301899000,
36.1722231391268560000,
 9.9152870566630931000,
89.9425366493476730000,
 27.3714441704891840000,
-125.0025900555860700000,
 -42.4855647209278970000,
-32.8349338007626840000,
 -12.5579237120977330000,
-17.4395564030818240000,
 -7.5775856562867911000,
-11.0716782496358840000,
 -5.5330947371002352000,
-7.5723529301240671000,
 -4.4234705968936989000,
-5.3444955502363491000,
 -3.7300004547128860000,
-3.7888762251961348000,
 -3.2582276706630307000,
-2.6298395895564948000,
 -2.9188701997415558000,
-1.7226432344006231000,
 -2.6652277583424842000,
-0.9837602701137129200,
 -2.4705440166955008000,
-0.3613788425901027200,
 -2.3184315574188279000,
0.1785871920111266100,
 -2.1983392634196126000,
0.6597369900734990600,
 -2.1032164151985135000,
1.0992026156637853000,
 -2.0282269821521508000,
1.5100216375632769000,
 -1.9700048986520984000,
1.9026200731684422000,
 -1.9262061157404973000,
2.2857971683375808000,
 -1.8952329993915042000,
2.6674283140449337000,
 -1.8760647719458727000,
3.0550152483388811000,
 -1.8681578354881032000,
3.4561695496457738000,
 -1.8713966572183640000,
3.8790969254437870000,
 -1.8860863778130215000,
4.3331481260009763000,
 -1.9129861024771824000,
4.8295163843824369000,
 -1.9533893751317328000,
5.3821959711040392000,
 -2.0092679416234640000,
6.0093851247184897000,
 -2.0835098941312458000,
6.7356489425228991000,
 -2.1803097487835990000,
7.5954193504618637000,
 -2.3058187016077816000,
8.6389518651946133000,
 -2.4692673523224427000,
9.9430594144130886000,
 -2.6850025714117538000,
11.6318230426473090000,
 -2.9764297471413963000,
13.9201238371910080000,
 -3.3843100967504207000,
17.2159813459538850000,
 -3.9862772242453888000,
22.4013685661039720000,
 -4.9504009306105772000,
31.8035325689412960000,
 -6.7204728295455594000,
54.2134533340303620000,
 -10.9733255121787220000,
178.3377506260903800000,
 -34.6305306170181100000,
-140.7340739640989700000,
 26.2552564886637190000,
-50.7056185205173190000,
 9.0998980501685462000,
-30.9933481521533030000,
 5.3570620858453681000,
-22.3433792263443640000,
 3.7235431948970010000,
-17.4788078020601570000,
 2.8112674537627238000,
-14.3578327695004440000,
 2.2308034615923518000,
-12.1835942527451060000,
 1.8301991032814922000,
-10.5808059293271950000,
 1.5379164504363603000,
-9.3495134842247332000,
 1.3158592677395624000,
-8.3733974040442813000,
 1.1418813504979186000,
-7.5801760239220588000,
 1.0022334503455903000,
-6.9225602899267749000,
 0.8879305935891459400,
-6.3683063005059690000,
 0.7928548451902022200,
-5.8946691683597585000,
 0.7126976278363716900,
-5.4851422106856695000,
 0.6443379548416680000,
-5.1274533854132915000,
 0.5854604645360759200,
-4.8122875460593146000,
 0.5343118851125671100,
-4.5324451935513110000,
 0.4895407423777319300,
-4.2822731090448869000,
 0.4500889112368464100,
-4.0572695778131074000,
 0.4151164544492762000,
-3.8538047690880646000,
 0.3839484129800199700,
-3.6689188895734182000,
 0.3560364188140458000,
-3.5001739836976764000,
 0.3309305294024991200,
-3.3455434455317112000,
 0.3082582453811390000,
-3.2033284973476324000,
 0.2877086630692380400,
-3.0720942524390082000,
 0.2690203545532542400,
-2.9506202030798812000,
 0.2519719921321821300,
-2.8378614717668644000,
 0.2363750194010313400,
-2.7329181893815493000,
 0.2220678667770812400,
-2.6350110772051014000,
 0.2089113452453217900,
-2.5434618129577578000,
 0.1967849480327748000,
-2.4576771208132158000,
 0.1855838584765811500,
-2.3771357856604638000,
 0.1752165119600729300,
-2.3013779824369709000,
 0.1656025960942781000,
-2.2299964522678044000,
 0.1566714001439028500,
-2.1626291624382934000,
 0.1483604447689486300,
-2.0989531665778021000,
 0.1406143382335618100,
-2.0386794417907468000,
 0.1333838167327475700,
-1.9815485257617940000,
 0.1266249352883049300,
-1.9273268125803185000,
 0.1202983824574043500,
-1.8758033938954970000,
 0.1143688973927496400,
-1.8267873537834500000,
 0.1088047719275922800,
-1.7801054429095495000,
 0.1035774236287605700,
-1.7356000712353712000,
 0.0986610283440995240,
-1.6931275693675876000,
 0.0940322028479846640,
-1.6525566774428144000,
 0.0896697298281778220,
-1.6137672274463111000,
 0.0855543188110583080,
-1.5766489906154806000,
 0.0816683976873870950,
-1.5411006662250140000,
 0.0779959304035885840,
-1.5070289918772597000,
 0.0745222570765431270,
-1.4743479585416979000,
 0.0712339534130698730,
-1.4429781162053748000,
 0.0681187067827983550,
-1.4128459581161992000,
 0.0651652066969844600,
-1.3838833734051803000,
 0.0623630478045218840,
-1.3560271593644306000,
 0.0597026437726759510,
-1.3292185859122809000,
 0.0571751506647660560,
-1.3034030058134800000,
 0.0547723986235540760,
-1.2785295051350059000,
 0.0524868308479868730,
-1.2545505891573421000,
 0.0503114489665647810,
-1.2314218996009445000,
 0.0482397640515038400,
-1.2091019595682317000,
 0.0462657526119215480,
-1.1875519430841099000,
 0.0443838169895819510,
-1.1667354664912466000,
 0.0425887496595343110,
-1.1466183993171224000,
 0.0408757009932747480,
-1.1271686925169238000,
 0.0392401501098353230,
-1.1083562222545322000,
 0.0376778784721111750,
-1.0901526475953376000,
 0.0361849459392926680,
-1.0725312806865932000,
 0.0347576690146744120,
-1.0554669681614863000,
 0.0333926010581450520,
-1.0389359826421194000,
 0.0320865142654449470,
-1.0229159233558263000,
 0.0308363832336029510,
-1.0073856249776836000,
 0.0296393699507312560,
-0.9923250739121422000,
 0.0284928100760953730,
-0.9777153313144991700,
 0.0273942003797208110,
-0.9635384622292249000,
 0.0263411872329195330,
-0.9497774702749940400,
 0.0253315560463929080,
-0.9364162373834508100,
 0.0243632215737389150,
-0.9234394681373604400,
 0.0234342189926764750,
-0.9108326382994557100,
 0.0225426956975327280,
-0.8985819471721809800,
 0.0216869037381189210,
-0.8866742734566499500,
 0.0208651928459251540,
-0.8750971343131710400,
 0.0200760039974794900,
-0.8638386473568333600,
 0.0193178634646406500,
-0.8528874953439824500,
 0.0185893773166281170,
-0.8422328933288952800,
 0.0178892263256327650,
-0.8318645580918595500,
 0.0172161612521340990,
-0.8217726796582727200,
 0.0165689984698500080,
-0.8119478947397493800,
 0.0159466159069200780,
-0.8023812619511423400,
 0.0153479492767797650,
-0.7930642386652354500,
 0.0147719885742895320,
-0.7839886593782579000,
 0.0142177748167156280,
-0.7751467154748689100,
 0.0136843970090253230,
-0.7665309362857737300,
 0.0131709893190978260,
-0.7581341713454836700,
 0.0126767284411596630,
-0.7499495737574484200,
 0.0122008311384987360,
-0.7419705845930527600,
 0.0117425519489076790,
-0.7341909182443886500,
 0.0113011810405388710,
-0.7266045486682485300,
 0.0108760422078272020,
-0.7192056964548801900,
 0.0104664909970195170,
-0.7119888166663299600,
 0.0100719129514752200,
-0.7049485873928913500,
 0.0096917219683141376,
-0.6980798989744023700,
 0.0093253587582957098,
-0.6913778438476685400,
 0.0089722894016273091,
-0.6848377069715030400,
 0.0086320039922945235,
-0.6784549567982869300,
 0.0083040153666269489,
-0.6722252367503540600,
 0.0079878579075322031,
-0.6661443571719600800,
 0.0076830864217261041,
-0.6602082877252670700,
 0.0073892750830543141,
-0.6544131502024226300,
 0.0071060164391605340,
-0.6487552117270822800,
 0.0068329204750788852,
-0.6432308783207207900,
 0.0065696137322535098,
-0.6378366888135031900,
 0.0063157384785988979,
-0.6325693090753370400,
 0.0060709519246455179,
-0.6274255265497572500,
 0.0058349254856445154,
-0.6224022450721382600,
 0.0056073440833437904,
-0.6174964799548554600,
 0.0053879054894973022,
-0.6127053533238444600,
 0.0051763197021866825,
-0.6080260896917857300,
 0.0049723083595485384,
-0.6034560117544867100,
 0.0047756041833456608,
-0.5989925363968602300,
 0.0045859504534471185,
-0.5946331708973797700,
 0.0044031005109042010,
-0.5903755093191906900,
 0.0042268172856252395,
-0.5862172290776808100,
 0.0040568728517558217,
-0.5821560876748694800,
 0.0038930480037711046,
-0.5781899195907165300,
 0.0037351318565297387,
-0.5743166333238534100,
 0.0035829214636873274,
-0.5705342085716571500,
 0.0034362214585481610,
-0.5668406935460454900,
 0.0032948437112469975,
-0.5632342024122323200,
 0.0031586070023172930,
-0.5597129128491999900,
 0.0030273367158226705,
-0.5562750637223814500,
 0.0029008645445829373,
-0.5529189528631235400,
 0.0027790282106803232,
-0.5496429349511942100,
 0.0026616712011389154,
-0.5464454194919028400,
 0.0025486425144407576,
-0.5433248688871970000,
 0.0024397964203188849,
-0.5402797965913031000,
 0.0023349922307316362,
-0.5373087653511987600,
 0.0022340940821230504,
-0.5344103855235253800,
 0.0021369707261031934,
-0.5315833134681202700,
 0.0020434953332464367,
-0.5288262500122513600,
 0.0019535453027570426,
-0.5261379389812370600,
 0.0018670020817421751,
-0.5235171657949715400,
 0.0017837509941815988,
-0.5209627561249097200,
 0.0017036810758805920,
-0.5184735746108275500,
 0.0016266849171000519,
-0.5160485236315626200,
 0.0015526585122909164,
-0.5136865421300553800,
 0.0014815011185669302,
-0.5113866044902195500,
 0.0014131151147228627,
-0.5091477194593163600,
 0.0013474058731537397,
-0.5069689291197079200,
 0.0012842816325804307,
-0.5048493079036933100,
 0.0012236533779740322,
-0.5027879616503481100,
 0.0011654347252536557,
-0.5007840267035943400,
 0.0011095418102009535,
-0.4988366690481267400,
 0.0010558931826977203,
-0.4969450834835083000,
 0.0010044097044877853,
-0.4951084928327391700,
 0.0009550144532535221,
-0.4933261471872428800,
 0.0009076326260037959,
-0.4915973231801211700,
 0.0008621914513076145,
-0.4899213232957067000,
 0.0008186201012336802,
-0.4882974752067044700,
 0.0007768496086000276,
-0.4867251311398898600,
 0.0007368127867706242,
-0.4852036672693519300,
 0.0006984441520052620,
-0.4837324831415263900,
 0.0006616798504810451,
-0.4823110011184284000,
 0.0006264575841685716,
-0.4809386658480794300,
 0.0005927165427466186,
-0.4796149437651298100,
 0.0005603973387562355,
-0.4783393226029550900,
 0.0005294419398698125,
-0.4771113109412610200,
 0.0004997936093897870,
-0.4759304377615016800,
 0.0004713968436673710,
-0.4747962520348565400,
 0.0004441973150122180,
-0.4737083223223379500,
 0.0004181418158477612,
-0.4726662363988047800,
 0.0003931782020432095,
-0.4716696008926444300,
 0.0003692553424783363,
-0.4707180409475739700,
 0.0003463230643827586,
-0.4698111998966823000,
 0.0003243321057246895,
-0.4689487389591313600,
 0.0003032340664010924,
-0.4681303369508427200,
 0.0002829813592672981,
-0.4673556900116535600,
 0.0002635271638762315,
-0.4666245113451923400,
 0.0002448253831777159,
-0.4659365309828089600,
 0.0002268306000253739,
-0.4652914955535383300,
 0.0002094980307391081,
-0.4646891680729154900,
 0.0001927834869269729,
-0.4641293277458746800,
 0.0001766433311937155,
-0.4636117697836077400,
 0.0001610344400662100,
-0.4631363052334895900,
 0.0001459141612070170,
-0.4627027608234288700,
 0.0001312402760399456,
-0.4623109788188406500,
 0.0001169709622939053,
-0.4619608168943463200,
 0.0001030647542393792,
-0.4616521480153452700,
 0.0000894805074197480,
-0.4613848603348715800,
 0.0000761773603203397,
-0.4611588571031908200,
 0.0000631146989813758,
-0.4609740565868172300,
 0.0000502521210285489,
-0.4608303920042118300,
 0.0000375493999078824,
-0.4607278114701847100,
 0.0000249664485326290,
-0.4606662779534955700,
 0.0000124632859298188,
-0.4606457692479364300,
 0.0000000000000000000,
-0.4606662779534955700,
 -0.0000124632859298188,
-0.4607278114701847100,
 -0.0000249664485326290,
-0.4608303920042118300,
 -0.0000375493999078824,
-0.4609740565868172300,
 -0.0000502521210285489,
-0.4611588571031908200,
 -0.0000631146989813758,
-0.4613848603348715800,
 -0.0000761773603203397,
-0.4616521480153452700,
 -0.0000894805074197480,
-0.4619608168943463200,
 -0.0001030647542393792,
-0.4623109788188406500,
 -0.0001169709622939053,
-0.4627027608234288700,
 -0.0001312402760399456,
-0.4631363052334895900,
 -0.0001459141612070170,
-0.4636117697836077400,
 -0.0001610344400662100,
-0.4641293277458746800,
 -0.0001766433311937155,
-0.4646891680729154900,
 -0.0001927834869269729,
-0.4652914955535383300,
 -0.0002094980307391081,
-0.4659365309828089600,
 -0.0002268306000253739,
-0.4666245113451923400,
 -0.0002448253831777159,
-0.4673556900116535600,
 -0.0002635271638762315,
-0.4681303369508427200,
 -0.0002829813592672981,
-0.4689487389591313600,
 -0.0003032340664010924,
-0.4698111998966823000,
 -0.0003243321057246895,
-0.4707180409475739700,
 -0.0003463230643827586,
-0.4716696008926444300,
 -0.0003692553424783363,
-0.4726662363988047800,
 -0.0003931782020432095,
-0.4737083223223379500,
 -0.0004181418158477612,
-0.4747962520348565400,
 -0.0004441973150122180,
-0.4759304377615016800,
 -0.0004713968436673710,
-0.4771113109412610200,
 -0.0004997936093897870,
-0.4783393226029550900,
 -0.0005294419398698125,
-0.4796149437651298100,
 -0.0005603973387562355,
-0.4809386658480794300,
 -0.0005927165427466186,
-0.4823110011184284000,
 -0.0006264575841685716,
-0.4837324831415263900,
 -0.0006616798504810451,
-0.4852036672693519300,
 -0.0006984441520052620,
-0.4867251311398898600,
 -0.0007368127867706242,
-0.4882974752067044700,
 -0.0007768496086000276,
-0.4899213232957067000,
 -0.0008186201012336802,
-0.4915973231801211700,
 -0.0008621914513076145,
-0.4933261471872428800,
 -0.0009076326260037959,
-0.4951084928327391700,
 -0.0009550144532535221,
-0.4969450834835083000,
 -0.0010044097044877853,
-0.4988366690481267400,
 -0.0010558931826977203,
-0.5007840267035943400,
 -0.0011095418102009535,
-0.5027879616503481100,
 -0.0011654347252536557,
-0.5048493079036933100,
 -0.0012236533779740322,
-0.5069689291197079200,
 -0.0012842816325804307,
-0.5091477194593163600,
 -0.0013474058731537397,
-0.5113866044902195500,
 -0.0014131151147228627,
-0.5136865421300553800,
 -0.0014815011185669302,
-0.5160485236315626200,
 -0.0015526585122909164,
-0.5184735746108275500,
 -0.0016266849171000519,
-0.5209627561249097200,
 -0.0017036810758805920,
-0.5235171657949715400,
 -0.0017837509941815988,
-0.5261379389812370600,
 -0.0018670020817421751,
-0.5288262500122513600,
 -0.0019535453027570426,
-0.5315833134681202700,
 -0.0020434953332464367,
-0.5344103855235253800,
 -0.0021369707261031934,
-0.5373087653511987600,
 -0.0022340940821230504,
-0.5402797965913031000,
 -0.0023349922307316362,
-0.5433248688871970000,
 -0.0024397964203188849,
-0.5464454194919028400,
 -0.0025486425144407576,
-0.5496429349511942100,
 -0.0026616712011389154,
-0.5529189528631235400,
 -0.0027790282106803232,
-0.5562750637223814500,
 -0.0029008645445829373,
-0.5597129128491999900,
 -0.0030273367158226705,
-0.5632342024122323200,
 -0.0031586070023172930,
-0.5668406935460454900,
 -0.0032948437112469975,
-0.5705342085716571500,
 -0.0034362214585481610,
-0.5743166333238534100,
 -0.0035829214636873274,
-0.5781899195907165300,
 -0.0037351318565297387,
-0.5821560876748694800,
 -0.0038930480037711046,
-0.5862172290776808100,
 -0.0040568728517558217,
-0.5903755093191906900,
 -0.0042268172856252395,
-0.5946331708973797700,
 -0.0044031005109042010,
-0.5989925363968602300,
 -0.0045859504534471185,
-0.6034560117544867100,
 -0.0047756041833456608,
-0.6080260896917857300,
 -0.0049723083595485384,
-0.6127053533238444600,
 -0.0051763197021866825,
-0.6174964799548554600,
 -0.0053879054894973022,
-0.6224022450721382600,
 -0.0056073440833437904,
-0.6274255265497572500,
 -0.0058349254856445154,
-0.6325693090753370400,
 -0.0060709519246455179,
-0.6378366888135031900,
 -0.0063157384785988979,
-0.6432308783207207900,
 -0.0065696137322535098,
-0.6487552117270822800,
 -0.0068329204750788852,
-0.6544131502024226300,
 -0.0071060164391605340,
-0.6602082877252670700,
 -0.0073892750830543141,
-0.6661443571719600800,
 -0.0076830864217261041,
-0.6722252367503540600,
 -0.0079878579075322031,
-0.6784549567982869300,
 -0.0083040153666269489,
-0.6848377069715030400,
 -0.0086320039922945235,
-0.6913778438476685400,
 -0.0089722894016273091,
-0.6980798989744023700,
 -0.0093253587582957098,
-0.7049485873928913500,
 -0.0096917219683141376,
-0.7119888166663299600,
 -0.0100719129514752200,
-0.7192056964548801900,
 -0.0104664909970195170,
-0.7266045486682485300,
 -0.0108760422078272020,
-0.7341909182443886500,
 -0.0113011810405388710,
-0.7419705845930527600,
 -0.0117425519489076790,
-0.7499495737574484200,
 -0.0122008311384987360,
-0.7581341713454836700,
 -0.0126767284411596630,
-0.7665309362857737300,
 -0.0131709893190978260,
-0.7751467154748689100,
 -0.0136843970090253230,
-0.7839886593782579000,
 -0.0142177748167156280,
-0.7930642386652354500,
 -0.0147719885742895320,
-0.8023812619511423400,
 -0.0153479492767797650,
-0.8119478947397493800,
 -0.0159466159069200780,
-0.8217726796582727200,
 -0.0165689984698500080,
-0.8318645580918595500,
 -0.0172161612521340990,
-0.8422328933288952800,
 -0.0178892263256327650,
-0.8528874953439824500,
 -0.0185893773166281170,
-0.8638386473568333600,
 -0.0193178634646406500,
-0.8750971343131710400,
 -0.0200760039974794900,
-0.8866742734566499500,
 -0.0208651928459251540,
-0.8985819471721809800,
 -0.0216869037381189210,
-0.9108326382994557100,
 -0.0225426956975327280,
-0.9234394681373604400,
 -0.0234342189926764750,
-0.9364162373834508100,
 -0.0243632215737389150,
-0.9497774702749940400,
 -0.0253315560463929080,
-0.9635384622292249000,
 -0.0263411872329195330,
-0.9777153313144991700,
 -0.0273942003797208110,
-0.9923250739121422000,
 -0.0284928100760953730,
-1.0073856249776836000,
 -0.0296393699507312560,
-1.0229159233558263000,
 -0.0308363832336029510,
-1.0389359826421194000,
 -0.0320865142654449470,
-1.0554669681614863000,
 -0.0333926010581450520,
-1.0725312806865932000,
 -0.0347576690146744120,
-1.0901526475953376000,
 -0.0361849459392926680,
-1.1083562222545322000,
 -0.0376778784721111750,
-1.1271686925169238000,
 -0.0392401501098353230,
-1.1466183993171224000,
 -0.0408757009932747480,
-1.1667354664912466000,
 -0.0425887496595343110,
-1.1875519430841099000,
 -0.0443838169895819510,
-1.2091019595682317000,
 -0.0462657526119215480,
-1.2314218996009445000,
 -0.0482397640515038400,
-1.2545505891573421000,
 -0.0503114489665647810,
-1.2785295051350059000,
 -0.0524868308479868730,
-1.3034030058134800000,
 -0.0547723986235540760,
-1.3292185859122809000,
 -0.0571751506647660560,
-1.3560271593644306000,
 -0.0597026437726759510,
-1.3838833734051803000,
 -0.0623630478045218840,
-1.4128459581161992000,
 -0.0651652066969844600,
-1.4429781162053748000,
 -0.0681187067827983550,
-1.4743479585416979000,
 -0.0712339534130698730,
-1.5070289918772597000,
 -0.0745222570765431270,
-1.5411006662250140000,
 -0.0779959304035885840,
-1.5766489906154806000,
 -0.0816683976873870950,
-1.6137672274463111000,
 -0.0855543188110583080,
-1.6525566774428144000,
 -0.0896697298281778220,
-1.6931275693675876000,
 -0.0940322028479846640,
-1.7356000712353712000,
 -0.0986610283440995240,
-1.7801054429095495000,
 -0.1035774236287605700,
-1.8267873537834500000,
 -0.1088047719275922800,
-1.8758033938954970000,
 -0.1143688973927496400,
-1.9273268125803185000,
 -0.1202983824574043500,
-1.9815485257617940000,
 -0.1266249352883049300,
-2.0386794417907468000,
 -0.1333838167327475700,
-2.0989531665778021000,
 -0.1406143382335618100,
-2.1626291624382934000,
 -0.1483604447689486300,
-2.2299964522678044000,
 -0.1566714001439028500,
-2.3013779824369709000,
 -0.1656025960942781000,
-2.3771357856604638000,
 -0.1752165119600729300,
-2.4576771208132158000,
 -0.1855838584765811500,
-2.5434618129577578000,
 -0.1967849480327748000,
-2.6350110772051014000,
 -0.2089113452453217900,
-2.7329181893815493000,
 -0.2220678667770812400,
-2.8378614717668644000,
 -0.2363750194010313400,
-2.9506202030798812000,
 -0.2519719921321821300,
-3.0720942524390082000,
 -0.2690203545532542400,
-3.2033284973476324000,
 -0.2877086630692380400,
-3.3455434455317112000,
 -0.3082582453811390000,
-3.5001739836976764000,
 -0.3309305294024991200,
-3.6689188895734182000,
 -0.3560364188140458000,
-3.8538047690880646000,
 -0.3839484129800199700,
-4.0572695778131074000,
 -0.4151164544492762000,
-4.2822731090448869000,
 -0.4500889112368464100,
-4.5324451935513110000,
 -0.4895407423777319300,
-4.8122875460593146000,
 -0.5343118851125671100,
-5.1274533854132915000,
 -0.5854604645360759200,
-5.4851422106856695000,
 -0.6443379548416680000,
-5.8946691683597585000,
 -0.7126976278363716900,
-6.3683063005059690000,
 -0.7928548451902022200,
-6.9225602899267749000,
 -0.8879305935891459400,
-7.5801760239220588000,
 -1.0022334503455903000,
-8.3733974040442813000,
 -1.1418813504979186000,
-9.3495134842247332000,
 -1.3158592677395624000,
-10.5808059293271950000,
 -1.5379164504363603000,
-12.1835942527451060000,
 -1.8301991032814922000,
-14.3578327695004440000,
 -2.2308034615923518000,
-17.4788078020601570000,
 -2.8112674537627238000,
-22.3433792263443640000,
 -3.7235431948970010000,
-30.9933481521533030000,
 -5.3570620858453681000,
-50.7056185205173190000,
 -9.0998980501685462000,
-140.7340739640989700000,
 -26.2552564886637190000,
178.3377506260903800000,
 34.6305306170181100000,
54.2134533340303620000,
 10.9733255121787220000,
31.8035325689412960000,
 6.7204728295455594000,
22.4013685661039720000,
 4.9504009306105772000,
17.2159813459538850000,
 3.9862772242453888000,
13.9201238371910080000,
 3.3843100967504207000,
11.6318230426473090000,
 2.9764297471413963000,
9.9430594144130886000,
 2.6850025714117538000,
8.6389518651946133000,
 2.4692673523224427000,
7.5954193504618637000,
 2.3058187016077816000,
6.7356489425228991000,
 2.1803097487835990000,
6.0093851247184897000,
 2.0835098941312458000,
5.3821959711040392000,
 2.0092679416234640000,
4.8295163843824369000,
 1.9533893751317328000,
4.3331481260009763000,
 1.9129861024771824000,
3.8790969254437870000,
 1.8860863778130215000,
3.4561695496457738000,
 1.8713966572183640000,
3.0550152483388811000,
 1.8681578354881032000,
2.6674283140449337000,
 1.8760647719458727000,
2.2857971683375808000,
 1.8952329993915042000,
1.9026200731684422000,
 1.9262061157404973000,
1.5100216375632769000,
 1.9700048986520984000,
1.0992026156637853000,
 2.0282269821521508000,
0.6597369900734990600,
 2.1032164151985135000,
0.1785871920111266100,
 2.1983392634196126000,
-0.3613788425901027200,
 2.3184315574188279000,
-0.9837602701137129200,
 2.4705440166955008000,
-1.7226432344006231000,
 2.6652277583424842000,
-2.6298395895564948000,
 2.9188701997415558000,
-3.7888762251961348000,
 3.2582276706630307000,
-5.3444955502363491000,
 3.7300004547128860000,
-7.5723529301240671000,
 4.4234705968936989000,
-11.0716782496358840000,
 5.5330947371002352000,
-17.4395564030818240000,
 7.5775856562867911000,
-32.8349338007626840000,
 12.5579237120977330000,
-125.0025900555860700000,
 42.4855647209278970000,
89.9425366493476730000,
 -27.3714441704891840000,
36.1722231391268560000,
 -9.9152870566630931000,
23.7475007485183620000,
 -5.8909978182301899000,
18.2169563086386790000,
 -4.1047155028714304000,
15.0868107304660680000,
 -3.0963898567237815000,
13.0730538618769500000,
 -2.4488741811801948000,
11.6698188443292890000,
 -1.9978430988576339000,
10.6374599554234700000,
 -1.6654595753800530000,
9.8477848789014857000,
 -1.4100882493819120000,
9.2260165389801099000,
 -1.2074379149288279000,
8.7256066927956422000,
 -1.0423780048673241000,
8.3160771327154990000,
 -0.9049878193602974900,
7.9766511163071048000,
 -0.7884869266184745300,
7.6926949367106818000,
 -0.6880784361366418800,
7.4536224878308248000,
 -0.6002674133910490500,
7.2516065458704944000,
 -0.5224411741722535500,
7.0807567974541117000,
 -0.4526009632804695000,
6.9365792139987912000,
 -0.3891847348070735000,
6.8156111611131056000,
 -0.3309466637708166100,
6.7151697969874782000,
 -0.2768730283517479300,
6.6331756376881543000,
 -0.2261219852349190300,
6.5680273781938130000,
 -0.1779793520611707100,
6.5185126378882563000,
 -0.1318252649168079300,
6.4837446437571860000,
 -0.0871082706335753600,
6.4631183019921270000,
 -0.0433244709160736860
