1.0000000000000000000,
 -0.0000000000000000000,
 0.0000000000000000000,
 1.0000000000000000000,
 1.0000000000000000000,
 -0.0000000000000000000,
 0.0000000000000000000,
 1.0000000000000000000,
 1.0000000000000000000,
 -0.0000000000000000000,
 0.0000000000000000000,
 1.0000000000000000000,
 1.0000000000000000000,
 -0.0000000000000000000,
 0.0000000000000000000,
 1.0000000000000000000,
 1.0000000000000000000,
 -0.0000000000000000000,
 0.0000000000000000000,
 1.0000000000000000000,
 1.0000000000000000000,
 -0.0000000000000000000,
 0.0000000000000000000,
 1.0000000000000000000,
 1.0000000000000000000,
 -0.0000000000000000000,
 0.0000000000000000000,
 1.0000000000000000000,
 1.0000000000000000000,
 -0.0000000000000000000,
 0.0000000000000000000,
 1.0000000000000000000,
 1.0000000000000000000,
 -0.0000000000000000000,
 0.0000000000000000000,
 1.0000000000000000000,
 1.0000000000000000000,
 -0.0000000000000000000,
 0.0000000000000000000,
 1.0000000000000000000,
 1.0000000000000000000,
 -0.0000000000000000000,
 0.0000000000000000000,
 1.0000000000000000000,
 1.0000000000000000000,
 -0.0000000000000000000,
 0.0000000000000000000,
 1.0000000000000000000,
 1.0000000000000000000,
 -0.0000000000000000000,
 0.0000000000000000000,
 1.0000000000000000000,
 1.0000000000000000000,
 -0.0000000000000000000,
 0.0000000000000000000,
 1.0000000000000000000,
 1.0000000000000000000,
 -0.0000000000000000000,
 0.0000000000000000000,
 1.0000000000000000000,
 1.0000000000000000000,
 -0.0000000000000000000,
 0.0000000000000000000,
 1.0000000000000000000,
 1.0000000000000000000,
 -0.0000000000000000000,
 0.0000000000000000000,
 1.0000000000000000000,
 1.0000000000000000000,
 -0.0000000000000000000,
 0.0000000000000000000,
 1.0000000000000000000,
 1.0000000000000000000,
 -0.0000000000000000000,
 0.0000000000000000000,
 1.0000000000000000000,
 1.0000000000000000000,
 -0.0000000000000000000,
 0.0000000000000000000,
 1.0000000000000000000,
 1.0000000000000000000,
 -0.0000000000000000000,
 0.0000000000000000000,
 1.0000000000000000000,
 1.0000000000000000000,
 -0.0000000000000000000,
 0.0000000000000000000,
 1.0000000000000000000,
 1.0000000000000000000,
 -0.0000000000000000000,
 0.0000000000000000000,
 1.0000000000000000000,
 1.0000000000000000000,
 -0.0000000000000000000,
 0.0000000000000000000,
 1.0000000000000000000,
 1.0000000000000000000,
 -0.0000000000000000000,
 0.0000000000000000000,
 1.0000000000000000000,
 1.0000000000000000000,
 -0.0000000000000000000,
 0.0000000000000000000,
 1.0000000000000000000,
 1.0000000000000000000,
 -0.0000000000000000000,
 0.0000000000000000000,
 1.0000000000000000000,
 1.0000000000000000000,
 -0.0000000000000000000,
 0.0000000000000000000,
 1.0000000000000000000,
 1.0000000000000000000,
 -0.0000000000000000000,
 0.0000000000000000000,
 1.0000000000000000000,
 1.0000000000000000000,
 -0.0000000000000000000,
 0.0000000000000000000,
 1.0000000000000000000,
 1.0000000000000000000,
 -0.0000000000000000000,
 0.0000000000000000000,
 1.0000000000000000000,
 1.0000000000000000000,
 -0.0000000000000000000,
 0.0000000000000000000,
 1.0000000000000000000,
 1.0000000000000000000,
 -0.0000000000000000000,
 0.0000000000000000000,
 1.0000000000000000000,
 0.9999247018391445000,
 -0.0122715382857199250,
 0.0122715382857199250,
 0.9999247018391445000,
 0.9996988186962042500,
 -0.0245412285229122880,
 0.0245412285229122880,
 0.9996988186962042500,
 0.9993223845883495400,
 -0.0368072229413588320,
 0.0368072229413588320,
 0.9993223845883495400,
 0.9987954562051724100,
 -0.0490676743274180150,
 0.0490676743274180150,
 0.9987954562051724100,
 0.9981181129001491800,
 -0.0613207363022085780,
 0.0613207363022085780,
 0.9981181129001491800,
 0.9972904566786902100,
 -0.0735645635996674260,
 0.0735645635996674260,
 0.9972904566786902100,
 0.9963126121827780000,
 -0.0857973123444398940,
 0.0857973123444398940,
 0.9963126121827780000,
 0.9951847266721969300,
 -0.0980171403295606040,
 0.0980171403295606040,
 0.9951847266721969300,
 0.9939069700023560600,
 -0.1102222072938830600,
 0.1102222072938830600,
 0.9939069700023560600,
 0.9924795345987099700,
 -0.1224106751992162000,
 0.1224106751992162000,
 0.9924795345987099700,
 0.9909026354277800100,
 -0.1345807085071261700,
 0.1345807085071261700,
 0.9909026354277800100,
 0.9891765099647810100,
 -0.1467304744553617500,
 0.1467304744553617500,
 0.9891765099647810100,
 0.9873014181578584300,
 -0.1588581433338614500,
 0.1588581433338614500,
 0.9873014181578584300,
 0.9852776423889412200,
 -0.1709618887603012200,
 0.1709618887603012200,
 0.9852776423889412200,
 0.9831054874312162900,
 -0.1830398879551409500,
 0.1830398879551409500,
 0.9831054874312162900,
 0.9807852804032304300,
 -0.1950903220161282500,
 0.1950903220161282500,
 0.9807852804032304300,
 0.9783173707196276500,
 -0.2071113761922185600,
 0.2071113761922185600,
 0.9783173707196276500,
 0.9757021300385285700,
 -0.2191012401568698000,
 0.2191012401568698000,
 0.9757021300385285700,
 0.9729399522055601800,
 -0.2310581082806711100,
 0.2310581082806711100,
 0.9729399522055601800,
 0.9700312531945439700,
 -0.2429801799032638700,
 0.2429801799032638700,
 0.9700312531945439700,
 0.9669764710448520700,
 -0.2548656596045145700,
 0.2548656596045145700,
 0.9669764710448520700,
 0.9637760657954398400,
 -0.2667127574748983700,
 0.2667127574748983700,
 0.9637760657954398400,
 0.9604305194155657900,
 -0.2785196893850530600,
 0.2785196893850530600,
 0.9604305194155657900,
 0.9569403357322088200,
 -0.2902846772544623300,
 0.2902846772544623300,
 0.9569403357322088200,
 0.9533060403541938600,
 -0.3020059493192280800,
 0.3020059493192280800,
 0.9533060403541938600,
 0.9495281805930366700,
 -0.3136817403988915200,
 0.3136817403988915200,
 0.9495281805930366700,
 0.9456073253805212800,
 -0.3253102921622629300,
 0.3253102921622629300,
 0.9456073253805212800,
 0.9415440651830208100,
 -0.3368898533922200500,
 0.3368898533922200500,
 0.9415440651830208100,
 0.9373390119125749600,
 -0.3484186802494345600,
 0.3484186802494345600,
 0.9373390119125749600,
 0.9329927988347389600,
 -0.3598950365349881100,
 0.3598950365349881100,
 0.9329927988347389600,
 0.9285060804732155900,
 -0.3713171939518374900,
 0.3713171939518374900,
 0.9285060804732155900,
 1.0000000000000000000,
 -0.0000000000000000000,
 0.0000000000000000000,
 1.0000000000000000000,
 0.9996988186962042500,
 -0.0245412285229122880,
 0.0245412285229122880,
 0.9996988186962042500,
 0.9987954562051724100,
 -0.0490676743274180150,
 0.0490676743274180150,
 0.9987954562051724100,
 0.9972904566786902100,
 -0.0735645635996674260,
 0.0735645635996674260,
 0.9972904566786902100,
 0.9951847266721969300,
 -0.0980171403295606040,
 0.0980171403295606040,
 0.9951847266721969300,
 0.9924795345987099700,
 -0.1224106751992162000,
 0.1224106751992162000,
 0.9924795345987099700,
 0.9891765099647810100,
 -0.1467304744553617500,
 0.1467304744553617500,
 0.9891765099647810100,
 0.9852776423889412200,
 -0.1709618887603012200,
 0.1709618887603012200,
 0.9852776423889412200,
 0.9807852804032304300,
 -0.1950903220161282500,
 0.1950903220161282500,
 0.9807852804032304300,
 0.9757021300385285700,
 -0.2191012401568698000,
 0.2191012401568698000,
 0.9757021300385285700,
 0.9700312531945439700,
 -0.2429801799032638700,
 0.2429801799032638700,
 0.9700312531945439700,
 0.9637760657954398400,
 -0.2667127574748983700,
 0.2667127574748983700,
 0.9637760657954398400,
 0.9569403357322088200,
 -0.2902846772544623300,
 0.2902846772544623300,
 0.9569403357322088200,
 0.9495281805930366700,
 -0.3136817403988915200,
 0.3136817403988915200,
 0.9495281805930366700,
 0.9415440651830208100,
 -0.3368898533922200500,
 0.3368898533922200500,
 0.9415440651830208100,
 0.9329927988347389600,
 -0.3598950365349881100,
 0.3598950365349881100,
 0.9329927988347389600,
 0.9238795325112867400,
 -0.3826834323650897800,
 0.3826834323650897800,
 0.9238795325112867400,
 0.9142097557035306900,
 -0.4052413140049898600,
 0.4052413140049898600,
 0.9142097557035306900,
 0.9039892931234433400,
 -0.4275550934302820800,
 0.4275550934302820800,
 0.9039892931234433400,
 0.8932243011955153200,
 -0.4496113296546065400,
 0.4496113296546065400,
 0.8932243011955153200,
 0.8819212643483550500,
 -0.4713967368259976400,
 0.4713967368259976400,
 0.8819212643483550500,
 0.8700869911087114600,
 -0.4928981922297840400,
 0.4928981922297840400,
 0.8700869911087114600,
 0.8577286100002721200,
 -0.5141027441932216600,
 0.5141027441932216600,
 0.8577286100002721200,
 0.8448535652497071200,
 -0.5349976198870971500,
 0.5349976198870971500,
 0.8448535652497071200,
 0.8314696123025452400,
 -0.5555702330196021800,
 0.5555702330196021800,
 0.8314696123025452400,
 0.8175848131515837100,
 -0.5758081914178453400,
 0.5758081914178453400,
 0.8175848131515837100,
 0.8032075314806449400,
 -0.5956993044924333600,
 0.5956993044924333600,
 0.8032075314806449400,
 0.7883464276266063400,
 -0.6152315905806268200,
 0.6152315905806268200,
 0.7883464276266063400,
 0.7730104533627369900,
 -0.6343932841636454900,
 0.6343932841636454900,
 0.7730104533627369900,
 0.7572088465064845700,
 -0.6531728429537767600,
 0.6531728429537767600,
 0.7572088465064845700,
 0.7409511253549592200,
 -0.6715589548470183300,
 0.6715589548470183300,
 0.7409511253549592200,
 0.7242470829514670000,
 -0.6895405447370668300,
 0.6895405447370668300,
 0.7242470829514670000,
 1.0000000000000000000,
 -0.0000000000000000000,
 0.0000000000000000000,
 1.0000000000000000000,
 0.9993223845883495400,
 -0.0368072229413588320,
 0.0368072229413588320,
 0.9993223845883495400,
 0.9972904566786902100,
 -0.0735645635996674260,
 0.0735645635996674260,
 0.9972904566786902100,
 0.9939069700023560600,
 -0.1102222072938830600,
 0.1102222072938830600,
 0.9939069700023560600,
 0.9891765099647810100,
 -0.1467304744553617500,
 0.1467304744553617500,
 0.9891765099647810100,
 0.9831054874312162900,
 -0.1830398879551409500,
 0.1830398879551409500,
 0.9831054874312162900,
 0.9757021300385285700,
 -0.2191012401568698000,
 0.2191012401568698000,
 0.9757021300385285700,
 0.9669764710448520700,
 -0.2548656596045145700,
 0.2548656596045145700,
 0.9669764710448520700,
 0.9569403357322088200,
 -0.2902846772544623300,
 0.2902846772544623300,
 0.9569403357322088200,
 0.9456073253805212800,
 -0.3253102921622629300,
 0.3253102921622629300,
 0.9456073253805212800,
 0.9329927988347389600,
 -0.3598950365349881100,
 0.3598950365349881100,
 0.9329927988347389600,
 0.9191138516900577700,
 -0.3939920400610480400,
 0.3939920400610480400,
 0.9191138516900577700,
 0.9039892931234433400,
 -0.4275550934302820800,
 0.4275550934302820800,
 0.9039892931234433400,
 0.8876396204028539300,
 -0.4605387109582400600,
 0.4605387109582400600,
 0.8876396204028539300,
 0.8700869911087114600,
 -0.4928981922297840400,
 0.4928981922297840400,
 0.8700869911087114600,
 0.8513551931052652000,
 -0.5245896826784688400,
 0.5245896826784688400,
 0.8513551931052652000,
 0.8314696123025452400,
 -0.5555702330196021800,
 0.5555702330196021800,
 0.8314696123025452400,
 0.8104571982525947700,
 -0.5857978574564388600,
 0.5857978574564388600,
 0.8104571982525947700,
 0.7883464276266063400,
 -0.6152315905806268200,
 0.6152315905806268200,
 0.7883464276266063400,
 0.7651672656224589600,
 -0.6438315428897913900,
 0.6438315428897913900,
 0.7651672656224589600,
 0.7409511253549592200,
 -0.6715589548470183300,
 0.6715589548470183300,
 0.7409511253549592200,
 0.7157308252838185900,
 -0.6983762494089729200,
 0.6983762494089729200,
 0.7157308252838185900,
 0.6895405447370670500,
 -0.7242470829514668900,
 0.7242470829514668900,
 0.6895405447370670500,
 0.6624157775901717800,
 -0.7491363945234592600,
 0.7491363945234592600,
 0.6624157775901717800,
 0.6343932841636454900,
 -0.7730104533627368800,
 0.7730104533627368800,
 0.6343932841636454900,
 0.6055110414043255500,
 -0.7958369046088835700,
 0.7958369046088835700,
 0.6055110414043255500,
 0.5758081914178452300,
 -0.8175848131515837100,
 0.8175848131515837100,
 0.5758081914178452300,
 0.5453249884220464600,
 -0.8382247055548379700,
 0.8382247055548379700,
 0.5453249884220464600,
 0.5141027441932216600,
 -0.8577286100002721200,
 0.8577286100002721200,
 0.5141027441932216600,
 0.4821837720791228300,
 -0.8760700941954066000,
 0.8760700941954066000,
 0.4821837720791228300,
 0.4496113296546068200,
 -0.8932243011955152100,
 0.8932243011955152100,
 0.4496113296546068200,
 0.4164295600976373200,
 -0.9091679830905223800,
 0.9091679830905223800,
 0.4164295600976373200,
 1.0000000000000000000,
 -0.0000000000000000000,
 0.0000000000000000000,
 1.0000000000000000000,
 0.9987954562051724100,
 -0.0490676743274180150,
 0.0490676743274180150,
 0.9987954562051724100,
 0.9951847266721969300,
 -0.0980171403295606040,
 0.0980171403295606040,
 0.9951847266721969300,
 0.9891765099647810100,
 -0.1467304744553617500,
 0.1467304744553617500,
 0.9891765099647810100,
 0.9807852804032304300,
 -0.1950903220161282500,
 0.1950903220161282500,
 0.9807852804032304300,
 0.9700312531945439700,
 -0.2429801799032638700,
 0.2429801799032638700,
 0.9700312531945439700,
 0.9569403357322088200,
 -0.2902846772544623300,
 0.2902846772544623300,
 0.9569403357322088200,
 0.9415440651830208100,
 -0.3368898533922200500,
 0.3368898533922200500,
 0.9415440651830208100,
 0.9238795325112867400,
 -0.3826834323650897800,
 0.3826834323650897800,
 0.9238795325112867400,
 0.9039892931234433400,
 -0.4275550934302820800,
 0.4275550934302820800,
 0.9039892931234433400,
 0.8819212643483550500,
 -0.4713967368259976400,
 0.4713967368259976400,
 0.8819212643483550500,
 0.8577286100002721200,
 -0.5141027441932216600,
 0.5141027441932216600,
 0.8577286100002721200,
 0.8314696123025452400,
 -0.5555702330196021800,
 0.5555702330196021800,
 0.8314696123025452400,
 0.8032075314806449400,
 -0.5956993044924333600,
 0.5956993044924333600,
 0.8032075314806449400,
 0.7730104533627369900,
 -0.6343932841636454900,
 0.6343932841636454900,
 0.7730104533627369900,
 0.7409511253549592200,
 -0.6715589548470183300,
 0.6715589548470183300,
 0.7409511253549592200,
 0.7071067811865475700,
 -0.7071067811865474600,
 0.7071067811865474600,
 0.7071067811865475700,
 0.6715589548470184400,
 -0.7409511253549591100,
 0.7409511253549591100,
 0.6715589548470184400,
 0.6343932841636454900,
 -0.7730104533627368800,
 0.7730104533627368800,
 0.6343932841636454900,
 0.5956993044924334700,
 -0.8032075314806448300,
 0.8032075314806448300,
 0.5956993044924334700,
 0.5555702330196022900,
 -0.8314696123025452400,
 0.8314696123025452400,
 0.5555702330196022900,
 0.5141027441932216600,
 -0.8577286100002721200,
 0.8577286100002721200,
 0.5141027441932216600,
 0.4713967368259978100,
 -0.8819212643483549400,
 0.8819212643483549400,
 0.4713967368259978100,
 0.4275550934302822000,
 -0.9039892931234433400,
 0.9039892931234433400,
 0.4275550934302822000,
 0.3826834323650898400,
 -0.9238795325112867400,
 0.9238795325112867400,
 0.3826834323650898400,
 0.3368898533922200500,
 -0.9415440651830208100,
 0.9415440651830208100,
 0.3368898533922200500,
 0.2902846772544623300,
 -0.9569403357322089400,
 0.9569403357322089400,
 0.2902846772544623300,
 0.2429801799032639800,
 -0.9700312531945439700,
 0.9700312531945439700,
 0.2429801799032639800,
 0.1950903220161283300,
 -0.9807852804032304300,
 0.9807852804032304300,
 0.1950903220161283300,
 0.1467304744553617500,
 -0.9891765099647810100,
 0.9891765099647810100,
 0.1467304744553617500,
 0.0980171403295607700,
 -0.9951847266721968200,
 0.9951847266721968200,
 0.0980171403295607700,
 0.0490676743274181260,
 -0.9987954562051724100,
 0.9987954562051724100,
 0.0490676743274181260,
 1.0000000000000000000,
 -0.0000000000000000000,
 0.0000000000000000000,
 1.0000000000000000000,
 0.9981181129001491800,
 -0.0613207363022085780,
 0.0613207363022085780,
 0.9981181129001491800,
 0.9924795345987099700,
 -0.1224106751992162000,
 0.1224106751992162000,
 0.9924795345987099700,
 0.9831054874312162900,
 -0.1830398879551409500,
 0.1830398879551409500,
 0.9831054874312162900,
 0.9700312531945439700,
 -0.2429801799032638700,
 0.2429801799032638700,
 0.9700312531945439700,
 0.9533060403541938600,
 -0.3020059493192280800,
 0.3020059493192280800,
 0.9533060403541938600,
 0.9329927988347389600,
 -0.3598950365349881100,
 0.3598950365349881100,
 0.9329927988347389600,
 0.9091679830905223800,
 -0.4164295600976371500,
 0.4164295600976371500,
 0.9091679830905223800,
 0.8819212643483550500,
 -0.4713967368259976400,
 0.4713967368259976400,
 0.8819212643483550500,
 0.8513551931052652000,
 -0.5245896826784689500,
 0.5245896826784689500,
 0.8513551931052652000,
 0.8175848131515837100,
 -0.5758081914178453400,
 0.5758081914178453400,
 0.8175848131515837100,
 0.7807372285720944900,
 -0.6248594881423863400,
 0.6248594881423863400,
 0.7807372285720944900,
 0.7409511253549592200,
 -0.6715589548470183300,
 0.6715589548470183300,
 0.7409511253549592200,
 0.6983762494089728000,
 -0.7157308252838187100,
 0.7157308252838187100,
 0.6983762494089728000,
 0.6531728429537768700,
 -0.7572088465064845700,
 0.7572088465064845700,
 0.6531728429537768700,
 0.6055110414043255500,
 -0.7958369046088835700,
 0.7958369046088835700,
 0.6055110414043255500,
 0.5555702330196022900,
 -0.8314696123025452400,
 0.8314696123025452400,
 0.5555702330196022900,
 0.5035383837257175800,
 -0.8639728561215867000,
 0.8639728561215867000,
 0.5035383837257175800,
 0.4496113296546066000,
 -0.8932243011955153200,
 0.8932243011955153200,
 0.4496113296546066000,
 0.3939920400610481000,
 -0.9191138516900577700,
 0.9191138516900577700,
 0.3939920400610481000,
 0.3368898533922200500,
 -0.9415440651830208100,
 0.9415440651830208100,
 0.3368898533922200500,
 0.2785196893850530600,
 -0.9604305194155657900,
 0.9604305194155657900,
 0.2785196893850530600,
 0.2191012401568699900,
 -0.9757021300385284600,
 0.9757021300385284600,
 0.2191012401568699900,
 0.1588581433338616100,
 -0.9873014181578583200,
 0.9873014181578583200,
 0.1588581433338616100,
 0.0980171403295607700,
 -0.9951847266721968200,
 0.9951847266721968200,
 0.0980171403295607700,
 0.0368072229413587690,
 -0.9993223845883495400,
 0.9993223845883495400,
 0.0368072229413587690,
 -0.0245412285229123640,
 -0.9996988186962042500,
 0.9996988186962042500,
 -0.0245412285229123640,
 -0.0857973123444397550,
 -0.9963126121827780000,
 0.9963126121827780000,
 -0.0857973123444397550,
 -0.1467304744553616400,
 -0.9891765099647810100,
 0.9891765099647810100,
 -0.1467304744553616400,
 -0.2071113761922186700,
 -0.9783173707196276500,
 0.9783173707196276500,
 -0.2071113761922186700,
 -0.2667127574748983100,
 -0.9637760657954398400,
 0.9637760657954398400,
 -0.2667127574748983100,
 -0.3253102921622628700,
 -0.9456073253805213900,
 0.9456073253805213900,
 -0.3253102921622628700,
 1.0000000000000000000,
 -0.0000000000000000000,
 0.0000000000000000000,
 1.0000000000000000000,
 0.9972904566786902100,
 -0.0735645635996674260,
 0.0735645635996674260,
 0.9972904566786902100,
 0.9891765099647810100,
 -0.1467304744553617500,
 0.1467304744553617500,
 0.9891765099647810100,
 0.9757021300385285700,
 -0.2191012401568698000,
 0.2191012401568698000,
 0.9757021300385285700,
 0.9569403357322088200,
 -0.2902846772544623300,
 0.2902846772544623300,
 0.9569403357322088200,
 0.9329927988347389600,
 -0.3598950365349881100,
 0.3598950365349881100,
 0.9329927988347389600,
 0.9039892931234433400,
 -0.4275550934302820800,
 0.4275550934302820800,
 0.9039892931234433400,
 0.8700869911087114600,
 -0.4928981922297840400,
 0.4928981922297840400,
 0.8700869911087114600,
 0.8314696123025452400,
 -0.5555702330196021800,
 0.5555702330196021800,
 0.8314696123025452400,
 0.7883464276266063400,
 -0.6152315905806268200,
 0.6152315905806268200,
 0.7883464276266063400,
 0.7409511253549592200,
 -0.6715589548470183300,
 0.6715589548470183300,
 0.7409511253549592200,
 0.6895405447370670500,
 -0.7242470829514668900,
 0.7242470829514668900,
 0.6895405447370670500,
 0.6343932841636454900,
 -0.7730104533627368800,
 0.7730104533627368800,
 0.6343932841636454900,
 0.5758081914178452300,
 -0.8175848131515837100,
 0.8175848131515837100,
 0.5758081914178452300,
 0.5141027441932216600,
 -0.8577286100002721200,
 0.8577286100002721200,
 0.5141027441932216600,
 0.4496113296546068200,
 -0.8932243011955152100,
 0.8932243011955152100,
 0.4496113296546068200,
 0.3826834323650898400,
 -0.9238795325112867400,
 0.9238795325112867400,
 0.3826834323650898400,
 0.3136817403988913500,
 -0.9495281805930366700,
 0.9495281805930366700,
 0.3136817403988913500,
 0.2429801799032639800,
 -0.9700312531945439700,
 0.9700312531945439700,
 0.2429801799032639800,
 0.1709618887603013600,
 -0.9852776423889412200,
 0.9852776423889412200,
 0.1709618887603013600,
 0.0980171403295607700,
 -0.9951847266721968200,
 0.9951847266721968200,
 0.0980171403295607700,
 0.0245412285229122640,
 -0.9996988186962042500,
 0.9996988186962042500,
 0.0245412285229122640,
 -0.0490676743274177860,
 -0.9987954562051724100,
 0.9987954562051724100,
 -0.0490676743274177860,
 -0.1224106751992161500,
 -0.9924795345987099700,
 0.9924795345987099700,
 -0.1224106751992161500,
 -0.1950903220161281900,
 -0.9807852804032304300,
 0.9807852804032304300,
 -0.1950903220161281900,
 -0.2667127574748983100,
 -0.9637760657954398400,
 0.9637760657954398400,
 -0.2667127574748983100,
 -0.3368898533922201600,
 -0.9415440651830207000,
 0.9415440651830207000,
 -0.3368898533922201600,
 -0.4052413140049897500,
 -0.9142097557035306900,
 0.9142097557035306900,
 -0.4052413140049897500,
 -0.4713967368259977000,
 -0.8819212643483550500,
 0.8819212643483550500,
 -0.4713967368259977000,
 -0.5349976198870970400,
 -0.8448535652497072300,
 0.8448535652497072300,
 -0.5349976198870970400,
 -0.5956993044924329100,
 -0.8032075314806451600,
 0.8032075314806451600,
 -0.5956993044924329100,
 -0.6531728429537765300,
 -0.7572088465064846800,
 0.7572088465064846800,
 -0.6531728429537765300,
 1.0000000000000000000,
 -0.0000000000000000000,
 0.0000000000000000000,
 1.0000000000000000000,
 0.9963126121827780000,
 -0.0857973123444398940,
 0.0857973123444398940,
 0.9963126121827780000,
 0.9852776423889412200,
 -0.1709618887603012200,
 0.1709618887603012200,
 0.9852776423889412200,
 0.9669764710448520700,
 -0.2548656596045145700,
 0.2548656596045145700,
 0.9669764710448520700,
 0.9415440651830208100,
 -0.3368898533922200500,
 0.3368898533922200500,
 0.9415440651830208100,
 0.9091679830905223800,
 -0.4164295600976371500,
 0.4164295600976371500,
 0.9091679830905223800,
 0.8700869911087114600,
 -0.4928981922297840400,
 0.4928981922297840400,
 0.8700869911087114600,
 0.8245893027850252900,
 -0.5657318107836131200,
 0.5657318107836131200,
 0.8245893027850252900,
 0.7730104533627369900,
 -0.6343932841636454900,
 0.6343932841636454900,
 0.7730104533627369900,
 0.7157308252838185900,
 -0.6983762494089729200,
 0.6983762494089729200,
 0.7157308252838185900,
 0.6531728429537768700,
 -0.7572088465064845700,
 0.7572088465064845700,
 0.6531728429537768700,
 0.5857978574564389800,
 -0.8104571982525947700,
 0.8104571982525947700,
 0.5857978574564389800,
 0.5141027441932216600,
 -0.8577286100002721200,
 0.8577286100002721200,
 0.5141027441932216600,
 0.4386162385385274900,
 -0.8986744656939539300,
 0.8986744656939539300,
 0.4386162385385274900,
 0.3598950365349882800,
 -0.9329927988347388500,
 0.9329927988347388500,
 0.3598950365349882800,
 0.2785196893850532800,
 -0.9604305194155657900,
 0.9604305194155657900,
 0.2785196893850532800,
 0.1950903220161283300,
 -0.9807852804032304300,
 0.9807852804032304300,
 0.1950903220161283300,
 0.1102222072938829600,
 -0.9939069700023560600,
 0.9939069700023560600,
 0.1102222072938829600,
 0.0245412285229122640,
 -0.9996988186962042500,
 0.9996988186962042500,
 0.0245412285229122640,
 -0.0613207363022083080,
 -0.9981181129001491800,
 0.9981181129001491800,
 -0.0613207363022083080,
 -0.1467304744553616400,
 -0.9891765099647810100,
 0.9891765099647810100,
 -0.1467304744553616400,
 -0.2310581082806711400,
 -0.9729399522055601800,
 0.9729399522055601800,
 -0.2310581082806711400,
 -0.3136817403988912400,
 -0.9495281805930367900,
 0.9495281805930367900,
 -0.3136817403988912400,
 -0.3939920400610479900,
 -0.9191138516900577700,
 0.9191138516900577700,
 -0.3939920400610479900,
 -0.4713967368259977000,
 -0.8819212643483550500,
 0.8819212643483550500,
 -0.4713967368259977000,
 -0.5453249884220465700,
 -0.8382247055548379700,
 0.8382247055548379700,
 -0.5453249884220465700,
 -0.6152315905806271500,
 -0.7883464276266060100,
 0.7883464276266060100,
 -0.6152315905806271500,
 -0.6806009977954528000,
 -0.7326542716724131500,
 0.7326542716724131500,
 -0.6806009977954528000,
 -0.7409511253549588800,
 -0.6715589548470185500,
 0.6715589548470185500,
 -0.7409511253549588800,
 -0.7958369046088834600,
 -0.6055110414043255500,
 0.6055110414043255500,
 -0.7958369046088834600,
 -0.8448535652497068900,
 -0.5349976198870976000,
 0.5349976198870976000,
 -0.8448535652497068900,
 -0.8876396204028538200,
 -0.4605387109582402300,
 0.4605387109582402300,
 -0.8876396204028538200,
 1.0000000000000000000,
 -0.0000000000000000000,
 0.0000000000000000000,
 1.0000000000000000000,
 0.9951847266721969300,
 -0.0980171403295606040,
 0.0980171403295606040,
 0.9951847266721969300,
 0.9807852804032304300,
 -0.1950903220161282500,
 0.1950903220161282500,
 0.9807852804032304300,
 0.9569403357322088200,
 -0.2902846772544623300,
 0.2902846772544623300,
 0.9569403357322088200,
 0.9238795325112867400,
 -0.3826834323650897800,
 0.3826834323650897800,
 0.9238795325112867400,
 0.8819212643483550500,
 -0.4713967368259976400,
 0.4713967368259976400,
 0.8819212643483550500,
 0.8314696123025452400,
 -0.5555702330196021800,
 0.5555702330196021800,
 0.8314696123025452400,
 0.7730104533627369900,
 -0.6343932841636454900,
 0.6343932841636454900,
 0.7730104533627369900,
 0.7071067811865475700,
 -0.7071067811865474600,
 0.7071067811865474600,
 0.7071067811865475700,
 0.6343932841636454900,
 -0.7730104533627368800,
 0.7730104533627368800,
 0.6343932841636454900,
 0.5555702330196022900,
 -0.8314696123025452400,
 0.8314696123025452400,
 0.5555702330196022900,
 0.4713967368259978100,
 -0.8819212643483549400,
 0.8819212643483549400,
 0.4713967368259978100,
 0.3826834323650898400,
 -0.9238795325112867400,
 0.9238795325112867400,
 0.3826834323650898400,
 0.2902846772544623300,
 -0.9569403357322089400,
 0.9569403357322089400,
 0.2902846772544623300,
 0.1950903220161283300,
 -0.9807852804032304300,
 0.9807852804032304300,
 0.1950903220161283300,
 0.0980171403295607700,
 -0.9951847266721968200,
 0.9951847266721968200,
 0.0980171403295607700,
 0.0000000000000000612,
 -1.0000000000000000000,
 1.0000000000000000000,
 0.0000000000000000612,
 -0.0980171403295606450,
 -0.9951847266721969300,
 0.9951847266721969300,
 -0.0980171403295606450,
 -0.1950903220161281900,
 -0.9807852804032304300,
 0.9807852804032304300,
 -0.1950903220161281900,
 -0.2902846772544621600,
 -0.9569403357322089400,
 0.9569403357322089400,
 -0.2902846772544621600,
 -0.3826834323650897300,
 -0.9238795325112867400,
 0.9238795325112867400,
 -0.3826834323650897300,
 -0.4713967368259977000,
 -0.8819212643483550500,
 0.8819212643483550500,
 -0.4713967368259977000,
 -0.5555702330196019600,
 -0.8314696123025453500,
 0.8314696123025453500,
 -0.5555702330196019600,
 -0.6343932841636453800,
 -0.7730104533627371000,
 0.7730104533627371000,
 -0.6343932841636453800,
 -0.7071067811865474600,
 -0.7071067811865475700,
 0.7071067811865475700,
 -0.7071067811865474600,
 -0.7730104533627369900,
 -0.6343932841636454900,
 0.6343932841636454900,
 -0.7730104533627369900,
 -0.8314696123025453500,
 -0.5555702330196021800,
 0.5555702330196021800,
 -0.8314696123025453500,
 -0.8819212643483549400,
 -0.4713967368259978600,
 0.4713967368259978600,
 -0.8819212643483549400,
 -0.9238795325112867400,
 -0.3826834323650898900,
 0.3826834323650898900,
 -0.9238795325112867400,
 -0.9569403357322088200,
 -0.2902846772544623900,
 0.2902846772544623900,
 -0.9569403357322088200,
 -0.9807852804032304300,
 -0.1950903220161286100,
 0.1950903220161286100,
 -0.9807852804032304300,
 -0.9951847266721968200,
 -0.0980171403295608260,
 0.0980171403295608260,
 -0.9951847266721968200,
 1.0000000000000000000,
 -0.0000000000000000000,
 0.0000000000000000000,
 1.0000000000000000000,
 0.9939069700023560600,
 -0.1102222072938830600,
 0.1102222072938830600,
 0.9939069700023560600,
 0.9757021300385285700,
 -0.2191012401568698000,
 0.2191012401568698000,
 0.9757021300385285700,
 0.9456073253805212800,
 -0.3253102921622629300,
 0.3253102921622629300,
 0.9456073253805212800,
 0.9039892931234433400,
 -0.4275550934302820800,
 0.4275550934302820800,
 0.9039892931234433400,
 0.8513551931052652000,
 -0.5245896826784689500,
 0.5245896826784689500,
 0.8513551931052652000,
 0.7883464276266063400,
 -0.6152315905806268200,
 0.6152315905806268200,
 0.7883464276266063400,
 0.7157308252838185900,
 -0.6983762494089729200,
 0.6983762494089729200,
 0.7157308252838185900,
 0.6343932841636454900,
 -0.7730104533627368800,
 0.7730104533627368800,
 0.6343932841636454900,
 0.5453249884220464600,
 -0.8382247055548379700,
 0.8382247055548379700,
 0.5453249884220464600,
 0.4496113296546066000,
 -0.8932243011955153200,
 0.8932243011955153200,
 0.4496113296546066000,
 0.3484186802494347300,
 -0.9373390119125748500,
 0.9373390119125748500,
 0.3484186802494347300,
 0.2429801799032639800,
 -0.9700312531945439700,
 0.9700312531945439700,
 0.2429801799032639800,
 0.1345807085071262200,
 -0.9909026354277800100,
 0.9909026354277800100,
 0.1345807085071262200,
 0.0245412285229122640,
 -0.9996988186962042500,
 0.9996988186962042500,
 0.0245412285229122640,
 -0.0857973123444397550,
 -0.9963126121827780000,
 0.9963126121827780000,
 -0.0857973123444397550,
 -0.1950903220161281900,
 -0.9807852804032304300,
 0.9807852804032304300,
 -0.1950903220161281900,
 -0.3020059493192280800,
 -0.9533060403541938600,
 0.9533060403541938600,
 -0.3020059493192280800,
 -0.4052413140049897500,
 -0.9142097557035306900,
 0.9142097557035306900,
 -0.4052413140049897500,
 -0.5035383837257174600,
 -0.8639728561215868100,
 0.8639728561215868100,
 -0.5035383837257174600,
 -0.5956993044924333600,
 -0.8032075314806449400,
 0.8032075314806449400,
 -0.5956993044924333600,
 -0.6806009977954530200,
 -0.7326542716724128200,
 0.7326542716724128200,
 -0.6806009977954530200,
 -0.7572088465064843500,
 -0.6531728429537770900,
 0.6531728429537770900,
 -0.7572088465064843500,
 -0.8245893027850250700,
 -0.5657318107836134500,
 0.5657318107836134500,
 -0.8245893027850250700,
 -0.8819212643483549400,
 -0.4713967368259978600,
 0.4713967368259978600,
 -0.8819212643483549400,
 -0.9285060804732154800,
 -0.3713171939518377100,
 0.3713171939518377100,
 -0.9285060804732154800,
 -0.9637760657954398400,
 -0.2667127574748984800,
 0.2667127574748984800,
 -0.9637760657954398400,
 -0.9873014181578583200,
 -0.1588581433338614700,
 0.1588581433338614700,
 -0.9873014181578583200,
 -0.9987954562051724100,
 -0.0490676743274179660,
 0.0490676743274179660,
 -0.9987954562051724100,
 -0.9981181129001491800,
 0.0613207363022086890,
 -0.0613207363022086890,
 -0.9981181129001491800,
 -0.9852776423889413300,
 0.1709618887603009700,
 -0.1709618887603009700,
 -0.9852776423889413300,
 -0.9604305194155659000,
 0.2785196893850528900,
 -0.2785196893850528900,
 -0.9604305194155659000,
 1.0000000000000000000,
 -0.0000000000000000000,
 0.0000000000000000000,
 1.0000000000000000000,
 0.9924795345987099700,
 -0.1224106751992162000,
 0.1224106751992162000,
 0.9924795345987099700,
 0.9700312531945439700,
 -0.2429801799032638700,
 0.2429801799032638700,
 0.9700312531945439700,
 0.9329927988347389600,
 -0.3598950365349881100,
 0.3598950365349881100,
 0.9329927988347389600,
 0.8819212643483550500,
 -0.4713967368259976400,
 0.4713967368259976400,
 0.8819212643483550500,
 0.8175848131515837100,
 -0.5758081914178453400,
 0.5758081914178453400,
 0.8175848131515837100,
 0.7409511253549592200,
 -0.6715589548470183300,
 0.6715589548470183300,
 0.7409511253549592200,
 0.6531728429537768700,
 -0.7572088465064845700,
 0.7572088465064845700,
 0.6531728429537768700,
 0.5555702330196022900,
 -0.8314696123025452400,
 0.8314696123025452400,
 0.5555702330196022900,
 0.4496113296546066000,
 -0.8932243011955153200,
 0.8932243011955153200,
 0.4496113296546066000,
 0.3368898533922200500,
 -0.9415440651830208100,
 0.9415440651830208100,
 0.3368898533922200500,
 0.2191012401568699900,
 -0.9757021300385284600,
 0.9757021300385284600,
 0.2191012401568699900,
 0.0980171403295607700,
 -0.9951847266721968200,
 0.9951847266721968200,
 0.0980171403295607700,
 -0.0245412285229123640,
 -0.9996988186962042500,
 0.9996988186962042500,
 -0.0245412285229123640,
 -0.1467304744553616400,
 -0.9891765099647810100,
 0.9891765099647810100,
 -0.1467304744553616400,
 -0.2667127574748983100,
 -0.9637760657954398400,
 0.9637760657954398400,
 -0.2667127574748983100,
 -0.3826834323650897300,
 -0.9238795325112867400,
 0.9238795325112867400,
 -0.3826834323650897300,
 -0.4928981922297839800,
 -0.8700869911087114600,
 0.8700869911087114600,
 -0.4928981922297839800,
 -0.5956993044924333600,
 -0.8032075314806449400,
 0.8032075314806449400,
 -0.5956993044924333600,
 -0.6895405447370669400,
 -0.7242470829514668900,
 0.7242470829514668900,
 -0.6895405447370669400,
 -0.7730104533627369900,
 -0.6343932841636454900,
 0.6343932841636454900,
 -0.7730104533627369900,
 -0.8448535652497071200,
 -0.5349976198870971500,
 0.5349976198870971500,
 -0.8448535652497071200,
 -0.9039892931234432300,
 -0.4275550934302824200,
 0.4275550934302824200,
 -0.9039892931234432300,
 -0.9495281805930365600,
 -0.3136817403988918000,
 0.3136817403988918000,
 -0.9495281805930365600,
 -0.9807852804032304300,
 -0.1950903220161286100,
 0.1950903220161286100,
 -0.9807852804032304300,
 -0.9972904566786902100,
 -0.0735645635996672880,
 0.0735645635996672880,
 -0.9972904566786902100,
 -0.9987954562051724100,
 0.0490676743274181680,
 -0.0490676743274181680,
 -0.9987954562051724100,
 -0.9852776423889413300,
 0.1709618887603009700,
 -0.1709618887603009700,
 -0.9852776423889413300,
 -0.9569403357322089400,
 0.2902846772544621100,
 -0.2902846772544621100,
 -0.9569403357322089400,
 -0.9142097557035305800,
 0.4052413140049900800,
 -0.4052413140049900800,
 -0.9142097557035305800,
 -0.8577286100002721200,
 0.5141027441932215500,
 -0.5141027441932215500,
 -0.8577286100002721200,
 -0.7883464276266063400,
 0.6152315905806267100,
 -0.6152315905806267100,
 -0.7883464276266063400,
 1.0000000000000000000,
 -0.0000000000000000000,
 0.0000000000000000000,
 1.0000000000000000000,
 0.9909026354277800100,
 -0.1345807085071261700,
 0.1345807085071261700,
 0.9909026354277800100,
 0.9637760657954398400,
 -0.2667127574748983700,
 0.2667127574748983700,
 0.9637760657954398400,
 0.9191138516900577700,
 -0.3939920400610481000,
 0.3939920400610481000,
 0.9191138516900577700,
 0.8577286100002721200,
 -0.5141027441932216600,
 0.5141027441932216600,
 0.8577286100002721200,
 0.7807372285720944900,
 -0.6248594881423863400,
 0.6248594881423863400,
 0.7807372285720944900,
 0.6895405447370669400,
 -0.7242470829514668900,
 0.7242470829514668900,
 0.6895405447370669400,
 0.5857978574564388600,
 -0.8104571982525947700,
 0.8104571982525947700,
 0.5857978574564388600,
 0.4713967368259978100,
 -0.8819212643483549400,
 0.8819212643483549400,
 0.4713967368259978100,
 0.3484186802494345100,
 -0.9373390119125749600,
 0.9373390119125749600,
 0.3484186802494345100,
 0.2191012401568697700,
 -0.9757021300385285700,
 0.9757021300385285700,
 0.2191012401568697700,
 0.0857973123444401020,
 -0.9963126121827780000,
 0.9963126121827780000,
 0.0857973123444401020,
 -0.0490676743274180080,
 -0.9987954562051724100,
 0.9987954562051724100,
 -0.0490676743274180080,
 -0.1830398879551411500,
 -0.9831054874312162900,
 0.9831054874312162900,
 -0.1830398879551411500,
 -0.3136817403988914100,
 -0.9495281805930366700,
 0.9495281805930366700,
 -0.3136817403988914100,
 -0.4386162385385273800,
 -0.8986744656939539300,
 0.8986744656939539300,
 -0.4386162385385273800,
 -0.5555702330196019600,
 -0.8314696123025453500,
 0.8314696123025453500,
 -0.5555702330196019600,
 -0.6624157775901718900,
 -0.7491363945234592600,
 0.7491363945234592600,
 -0.6624157775901718900,
 -0.7572088465064846800,
 -0.6531728429537766400,
 0.6531728429537766400,
 -0.7572088465064846800,
 -0.8382247055548378600,
 -0.5453249884220466900,
 0.5453249884220466900,
 -0.8382247055548378600,
 -0.9039892931234433400,
 -0.4275550934302820300,
 0.4275550934302820300,
 -0.9039892931234433400,
 -0.9533060403541938600,
 -0.3020059493192280300,
 0.3020059493192280300,
 -0.9533060403541938600,
 -0.9852776423889412200,
 -0.1709618887603016300,
 0.1709618887603016300,
 -0.9852776423889412200,
 -0.9993223845883494300,
 -0.0368072229413592690,
 0.0368072229413592690,
 -0.9993223845883494300,
 -0.9951847266721969300,
 0.0980171403295605900,
 -0.0980171403295605900,
 -0.9951847266721969300,
 -0.9729399522055601800,
 0.2310581082806710800,
 -0.2310581082806710800,
 -0.9729399522055601800,
 -0.9329927988347387300,
 0.3598950365349885000,
 -0.3598950365349885000,
 -0.9329927988347387300,
 -0.8760700941954068200,
 0.4821837720791222700,
 -0.4821837720791222700,
 -0.8760700941954068200,
 -0.8032075314806449400,
 0.5956993044924332500,
 -0.5956993044924332500,
 -0.8032075314806449400,
 -0.7157308252838187100,
 0.6983762494089728000,
 -0.6983762494089728000,
 -0.7157308252838187100,
 -0.6152315905806272600,
 0.7883464276266058900,
 -0.7883464276266058900,
 -0.6152315905806272600,
 -0.5035383837257181300,
 0.8639728561215864700,
 -0.8639728561215864700,
 -0.5035383837257181300,
 1.0000000000000000000,
 -0.0000000000000000000,
 0.0000000000000000000,
 1.0000000000000000000,
 0.9891765099647810100,
 -0.1467304744553617500,
 0.1467304744553617500,
 0.9891765099647810100,
 0.9569403357322088200,
 -0.2902846772544623300,
 0.2902846772544623300,
 0.9569403357322088200,
 0.9039892931234433400,
 -0.4275550934302820800,
 0.4275550934302820800,
 0.9039892931234433400,
 0.8314696123025452400,
 -0.5555702330196021800,
 0.5555702330196021800,
 0.8314696123025452400,
 0.7409511253549592200,
 -0.6715589548470183300,
 0.6715589548470183300,
 0.7409511253549592200,
 0.6343932841636454900,
 -0.7730104533627368800,
 0.7730104533627368800,
 0.6343932841636454900,
 0.5141027441932216600,
 -0.8577286100002721200,
 0.8577286100002721200,
 0.5141027441932216600,
 0.3826834323650898400,
 -0.9238795325112867400,
 0.9238795325112867400,
 0.3826834323650898400,
 0.2429801799032639800,
 -0.9700312531945439700,
 0.9700312531945439700,
 0.2429801799032639800,
 0.0980171403295607700,
 -0.9951847266721968200,
 0.9951847266721968200,
 0.0980171403295607700,
 -0.0490676743274177860,
 -0.9987954562051724100,
 0.9987954562051724100,
 -0.0490676743274177860,
 -0.1950903220161281900,
 -0.9807852804032304300,
 0.9807852804032304300,
 -0.1950903220161281900,
 -0.3368898533922201600,
 -0.9415440651830207000,
 0.9415440651830207000,
 -0.3368898533922201600,
 -0.4713967368259977000,
 -0.8819212643483550500,
 0.8819212643483550500,
 -0.4713967368259977000,
 -0.5956993044924329100,
 -0.8032075314806451600,
 0.8032075314806451600,
 -0.5956993044924329100,
 -0.7071067811865474600,
 -0.7071067811865475700,
 0.7071067811865475700,
 -0.7071067811865474600,
 -0.8032075314806450500,
 -0.5956993044924331300,
 0.5956993044924331300,
 -0.8032075314806450500,
 -0.8819212643483549400,
 -0.4713967368259978600,
 0.4713967368259978600,
 -0.8819212643483549400,
 -0.9415440651830207000,
 -0.3368898533922203300,
 0.3368898533922203300,
 -0.9415440651830207000,
 -0.9807852804032304300,
 -0.1950903220161286100,
 0.1950903220161286100,
 -0.9807852804032304300,
 -0.9987954562051724100,
 -0.0490676743274179660,
 0.0490676743274179660,
 -0.9987954562051724100,
 -0.9951847266721969300,
 0.0980171403295601460,
 -0.0980171403295601460,
 -0.9951847266721969300,
 -0.9700312531945439700,
 0.2429801799032638200,
 -0.2429801799032638200,
 -0.9700312531945439700,
 -0.9238795325112868500,
 0.3826834323650896700,
 -0.3826834323650896700,
 -0.9238795325112868500,
 -0.8577286100002721200,
 0.5141027441932215500,
 -0.5141027441932215500,
 -0.8577286100002721200,
 -0.7730104533627368800,
 0.6343932841636456000,
 -0.6343932841636456000,
 -0.7730104533627368800,
 -0.6715589548470186600,
 0.7409511253549588800,
 -0.7409511253549588800,
 -0.6715589548470186600,
 -0.5555702330196021800,
 0.8314696123025452400,
 -0.8314696123025452400,
 -0.5555702330196021800,
 -0.4275550934302824700,
 0.9039892931234431200,
 -0.9039892931234431200,
 -0.4275550934302824700,
 -0.2902846772544632700,
 0.9569403357322086000,
 -0.9569403357322086000,
 -0.2902846772544632700,
 -0.1467304744553623000,
 0.9891765099647809000,
 -0.9891765099647809000,
 -0.1467304744553623000,
 1.0000000000000000000,
 -0.0000000000000000000,
 0.0000000000000000000,
 1.0000000000000000000,
 0.9873014181578584300,
 -0.1588581433338614500,
 0.1588581433338614500,
 0.9873014181578584300,
 0.9495281805930366700,
 -0.3136817403988915200,
 0.3136817403988915200,
 0.9495281805930366700,
 0.8876396204028539300,
 -0.4605387109582400100,
 0.4605387109582400100,
 0.8876396204028539300,
 0.8032075314806449400,
 -0.5956993044924333600,
 0.5956993044924333600,
 0.8032075314806449400,
 0.6983762494089729200,
 -0.7157308252838185900,
 0.7157308252838185900,
 0.6983762494089729200,
 0.5758081914178453400,
 -0.8175848131515837100,
 0.8175848131515837100,
 0.5758081914178453400,
 0.4386162385385277100,
 -0.8986744656939538200,
 0.8986744656939538200,
 0.4386162385385277100,
 0.2902846772544623300,
 -0.9569403357322089400,
 0.9569403357322089400,
 0.2902846772544623300,
 0.1345807085071262200,
 -0.9909026354277800100,
 0.9909026354277800100,
 0.1345807085071262200,
 -0.0245412285229121420,
 -0.9996988186962042500,
 0.9996988186962042500,
 -0.0245412285229121420,
 -0.1830398879551407000,
 -0.9831054874312164000,
 0.9831054874312164000,
 -0.1830398879551407000,
 -0.3368898533922199400,
 -0.9415440651830208100,
 0.9415440651830208100,
 -0.3368898533922199400,
 -0.4821837720791227200,
 -0.8760700941954066000,
 0.8760700941954066000,
 -0.4821837720791227200,
 -0.6152315905806267100,
 -0.7883464276266063400,
 0.7883464276266063400,
 -0.6152315905806267100,
 -0.7326542716724127000,
 -0.6806009977954532400,
 0.6806009977954532400,
 -0.7326542716724127000,
 -0.8314696123025453500,
 -0.5555702330196021800,
 0.5555702330196021800,
 -0.8314696123025453500,
 -0.9091679830905223800,
 -0.4164295600976371500,
 0.4164295600976371500,
 -0.9091679830905223800,
 -0.9637760657954398400,
 -0.2667127574748984800,
 0.2667127574748984800,
 -0.9637760657954398400,
 -0.9939069700023560600,
 -0.1102222072938832400,
 0.1102222072938832400,
 -0.9939069700023560600,
 -0.9987954562051724100,
 0.0490676743274177240,
 -0.0490676743274177240,
 -0.9987954562051724100,
 -0.9783173707196276500,
 0.2071113761922185900,
 -0.2071113761922185900,
 -0.9783173707196276500,
 -0.9329927988347390700,
 0.3598950365349876700,
 -0.3598950365349876700,
 -0.9329927988347390700,
 -0.8639728561215868100,
 0.5035383837257174600,
 -0.5035383837257174600,
 -0.8639728561215868100,
 -0.7730104533627371000,
 0.6343932841636452700,
 -0.6343932841636452700,
 -0.7730104533627371000,
 -0.6624157775901716700,
 0.7491363945234593700,
 -0.7491363945234593700,
 -0.6624157775901716700,
 -0.5349976198870972600,
 0.8448535652497071200,
 -0.8448535652497071200,
 -0.5349976198870972600,
 -0.3939920400610482100,
 0.9191138516900576600,
 -0.9191138516900576600,
 -0.3939920400610482100,
 -0.2429801799032641200,
 0.9700312531945439700,
 -0.9700312531945439700,
 -0.2429801799032641200,
 -0.0857973123444402270,
 0.9963126121827780000,
 -0.9963126121827780000,
 -0.0857973123444402270,
 0.0735645635996669820,
 0.9972904566786902100,
 -0.9972904566786902100,
 0.0735645635996669820,
 0.2310581082806705800,
 0.9729399522055602900,
 -0.9729399522055602900,
 0.2310581082806705800,
 1.0000000000000000000,
 -0.0000000000000000000,
 0.0000000000000000000,
 1.0000000000000000000,
 0.9852776423889412200,
 -0.1709618887603012200,
 0.1709618887603012200,
 0.9852776423889412200,
 0.9415440651830208100,
 -0.3368898533922200500,
 0.3368898533922200500,
 0.9415440651830208100,
 0.8700869911087114600,
 -0.4928981922297840400,
 0.4928981922297840400,
 0.8700869911087114600,
 0.7730104533627369900,
 -0.6343932841636454900,
 0.6343932841636454900,
 0.7730104533627369900,
 0.6531728429537768700,
 -0.7572088465064845700,
 0.7572088465064845700,
 0.6531728429537768700,
 0.5141027441932216600,
 -0.8577286100002721200,
 0.8577286100002721200,
 0.5141027441932216600,
 0.3598950365349882800,
 -0.9329927988347388500,
 0.9329927988347388500,
 0.3598950365349882800,
 0.1950903220161283300,
 -0.9807852804032304300,
 0.9807852804032304300,
 0.1950903220161283300,
 0.0245412285229122640,
 -0.9996988186962042500,
 0.9996988186962042500,
 0.0245412285229122640,
 -0.1467304744553616400,
 -0.9891765099647810100,
 0.9891765099647810100,
 -0.1467304744553616400,
 -0.3136817403988912400,
 -0.9495281805930367900,
 0.9495281805930367900,
 -0.3136817403988912400,
 -0.4713967368259977000,
 -0.8819212643483550500,
 0.8819212643483550500,
 -0.4713967368259977000,
 -0.6152315905806271500,
 -0.7883464276266060100,
 0.7883464276266060100,
 -0.6152315905806271500,
 -0.7409511253549588800,
 -0.6715589548470185500,
 0.6715589548470185500,
 -0.7409511253549588800,
 -0.8448535652497068900,
 -0.5349976198870976000,
 0.5349976198870976000,
 -0.8448535652497068900,
 -0.9238795325112867400,
 -0.3826834323650898900,
 0.3826834323650898900,
 -0.9238795325112867400,
 -0.9757021300385285700,
 -0.2191012401568696000,
 0.2191012401568696000,
 -0.9757021300385285700,
 -0.9987954562051724100,
 -0.0490676743274179660,
 0.0490676743274179660,
 -0.9987954562051724100,
 -0.9924795345987100800,
 0.1224106751992156500,
 -0.1224106751992156500,
 -0.9924795345987100800,
 -0.9569403357322089400,
 0.2902846772544621100,
 -0.2902846772544621100,
 -0.9569403357322089400,
 -0.8932243011955153200,
 0.4496113296546066500,
 -0.4496113296546066500,
 -0.8932243011955153200,
 -0.8032075314806452800,
 0.5956993044924329100,
 -0.5956993044924329100,
 -0.8032075314806452800,
 -0.6895405447370670500,
 0.7242470829514667800,
 -0.7242470829514667800,
 -0.6895405447370670500,
 -0.5555702330196021800,
 0.8314696123025452400,
 -0.8314696123025452400,
 -0.5555702330196021800,
 -0.4052413140049895300,
 0.9142097557035308000,
 -0.9142097557035308000,
 -0.4052413140049895300,
 -0.2429801799032632600,
 0.9700312531945442000,
 -0.9700312531945442000,
 -0.2429801799032632600,
 -0.0735645635996682450,
 0.9972904566786902100,
 -0.9972904566786902100,
 -0.0735645635996682450,
 0.0980171403295600900,
 0.9951847266721969300,
 -0.9951847266721969300,
 0.0980171403295600900,
 0.2667127574748982000,
 0.9637760657954399500,
 -0.9637760657954399500,
 0.2667127574748982000,
 0.4275550934302813600,
 0.9039892931234436700,
 -0.9039892931234436700,
 0.4275550934302813600,
 0.5758081914178448900,
 0.8175848131515839300,
 -0.8175848131515839300,
 0.5758081914178448900,
 1.0000000000000000000,
 -0.0000000000000000000,
 0.0000000000000000000,
 1.0000000000000000000,
 0.9831054874312162900,
 -0.1830398879551409500,
 0.1830398879551409500,
 0.9831054874312162900,
 0.9329927988347389600,
 -0.3598950365349881100,
 0.3598950365349881100,
 0.9329927988347389600,
 0.8513551931052652000,
 -0.5245896826784689500,
 0.5245896826784689500,
 0.8513551931052652000,
 0.7409511253549592200,
 -0.6715589548470183300,
 0.6715589548470183300,
 0.7409511253549592200,
 0.6055110414043255500,
 -0.7958369046088835700,
 0.7958369046088835700,
 0.6055110414043255500,
 0.4496113296546066000,
 -0.8932243011955153200,
 0.8932243011955153200,
 0.4496113296546066000,
 0.2785196893850530600,
 -0.9604305194155657900,
 0.9604305194155657900,
 0.2785196893850530600,
 0.0980171403295607700,
 -0.9951847266721968200,
 0.9951847266721968200,
 0.0980171403295607700,
 -0.0857973123444397550,
 -0.9963126121827780000,
 0.9963126121827780000,
 -0.0857973123444397550,
 -0.2667127574748983100,
 -0.9637760657954398400,
 0.9637760657954398400,
 -0.2667127574748983100,
 -0.4386162385385273800,
 -0.8986744656939539300,
 0.8986744656939539300,
 -0.4386162385385273800,
 -0.5956993044924333600,
 -0.8032075314806449400,
 0.8032075314806449400,
 -0.5956993044924333600,
 -0.7326542716724129300,
 -0.6806009977954529100,
 0.6806009977954529100,
 -0.7326542716724129300,
 -0.8448535652497071200,
 -0.5349976198870971500,
 0.5349976198870971500,
 -0.8448535652497071200,
 -0.9285060804732154800,
 -0.3713171939518377100,
 0.3713171939518377100,
 -0.9285060804732154800,
 -0.9807852804032304300,
 -0.1950903220161286100,
 0.1950903220161286100,
 -0.9807852804032304300,
 -0.9999247018391445000,
 -0.0122715382857200070,
 0.0122715382857200070,
 -0.9999247018391445000,
 -0.9852776423889413300,
 0.1709618887603009700,
 -0.1709618887603009700,
 -0.9852776423889413300,
 -0.9373390119125750700,
 0.3484186802494341200,
 -0.3484186802494341200,
 -0.9373390119125750700,
 -0.8577286100002721200,
 0.5141027441932215500,
 -0.5141027441932215500,
 -0.8577286100002721200,
 -0.7491363945234592600,
 0.6624157775901717800,
 -0.6624157775901717800,
 -0.7491363945234592600,
 -0.6152315905806272600,
 0.7883464276266058900,
 -0.7883464276266058900,
 -0.6152315905806272600,
 -0.4605387109582407300,
 0.8876396204028536000,
 -0.8876396204028536000,
 -0.4605387109582407300,
 -0.2902846772544624400,
 0.9569403357322088200,
 -0.9569403357322088200,
 -0.2902846772544624400,
 -0.1102222072938833100,
 0.9939069700023560600,
 -0.9939069700023560600,
 -0.1102222072938833100,
 0.0735645635996678700,
 0.9972904566786902100,
 -0.9972904566786902100,
 0.0735645635996678700,
 0.2548656596045139600,
 0.9669764710448522900,
 -0.9669764710448522900,
 0.2548656596045139600,
 0.4275550934302821400,
 0.9039892931234433400,
 -0.9039892931234433400,
 0.4275550934302821400,
 0.5857978574564387500,
 0.8104571982525948800,
 -0.8104571982525948800,
 0.5857978574564387500,
 0.7242470829514666700,
 0.6895405447370671600,
 -0.6895405447370671600,
 0.7242470829514666700,
 0.8382247055548377500,
 0.5453249884220468000,
 -0.5453249884220468000,
 0.8382247055548377500
